1 0.970312 0.0239583 0.059375 0.0479167
1 0.96875 0.025 0.0625 0.05
1 0.964063 0.0270833 0.071875 0.0541667
1 0.964063 0.0270833 0.071875 0.0541667
1 0.96875 0.025 0.0625 0.05
1 0.96875 0.025 0.0625 0.05
1 0.439063 0.714583 0.346875 0.5125
1 0.969531 0.025 0.0609375 0.05
1 0.439063 0.714583 0.346875 0.5125
1 0.969531 0.025 0.0609375 0.05
1 0.964063 0.028125 0.071875 0.05625
1 0.964063 0.028125 0.071875 0.05625
1 0.964844 0.0270833 0.0703125 0.0541667
1 0.964844 0.0270833 0.0703125 0.0541667
1 0.964063 0.0270833 0.071875 0.0541667
1 0.964063 0.0270833 0.071875 0.0541667
1 0.969531 0.025 0.0609375 0.05
1 0.440625 0.713542 0.340625 0.50625
1 0.969531 0.025 0.0609375 0.05
1 0.440625 0.713542 0.340625 0.50625
1 0.9625 0.028125 0.075 0.05625
1 0.9625 0.028125 0.075 0.05625
1 0.964063 0.0270833 0.071875 0.0541667
1 0.964063 0.0270833 0.071875 0.0541667
1 0.453906 0.710417 0.329688 0.5125
1 0.453906 0.710417 0.329688 0.5125
1 0.440625 0.713542 0.3375 0.48125
1 0.440625 0.713542 0.3375 0.48125
1 0.444531 0.711458 0.335938 0.477083
1 0.444531 0.711458 0.335938 0.477083
1 0.453906 0.711458 0.329688 0.489583
1 0.453906 0.711458 0.329688 0.489583
1 0.452344 0.710417 0.332812 0.508333
1 0.452344 0.710417 0.332812 0.508333
1 0.45625 0.707292 0.33125 0.514583
1 0.45625 0.707292 0.33125 0.514583
1 0.45625 0.707292 0.33125 0.514583
1 0.457031 0.709375 0.329688 0.502083
1 0.457031 0.709375 0.329688 0.502083
1 0.454688 0.70625 0.328125 0.5125
1 0.454688 0.70625 0.328125 0.5125
1 0.449219 0.710417 0.339063 0.483333
1 0.449219 0.710417 0.339063 0.483333
1 0.454688 0.711458 0.325 0.50625
1 0.454688 0.711458 0.325 0.50625
1 0.454688 0.713542 0.321875 0.497917
1 0.454688 0.713542 0.321875 0.497917
1 0.453906 0.715625 0.323438 0.502083
1 0.453906 0.715625 0.323438 0.502083
1 0.453906 0.716667 0.326562 0.5
1 0.453906 0.716667 0.326562 0.5
1 0.455469 0.722917 0.329688 0.491667
1 0.455469 0.722917 0.329688 0.491667
1 0.454688 0.71875 0.328125 0.495833
1 0.454688 0.71875 0.328125 0.495833
1 0.457031 0.720833 0.323438 0.491667
1 0.457031 0.720833 0.323438 0.491667
1 0.457031 0.720833 0.323438 0.491667
1 0.458594 0.720833 0.323438 0.491667
1 0.458594 0.720833 0.323438 0.491667
1 0.45625 0.725 0.325 0.483333
1 0.45625 0.725 0.325 0.483333
1 0.455469 0.722917 0.323438 0.491667
1 0.455469 0.722917 0.323438 0.491667
1 0.457031 0.725 0.323438 0.483333
1 0.457031 0.725 0.323438 0.483333
1 0.457812 0.722917 0.321875 0.495833
1 0.457812 0.722917 0.321875 0.495833
1 0.457031 0.725 0.326562 0.483333
1 0.457031 0.725 0.326562 0.483333
1 0.457031 0.728125 0.323438 0.485417
1 0.457031 0.728125 0.323438 0.485417
1 0.455469 0.725 0.323438 0.495833
1 0.455469 0.725 0.323438 0.495833
1 0.455469 0.726042 0.326562 0.48125
1 0.455469 0.726042 0.326562 0.48125
1 0.449219 0.71875 0.339063 0.479167
1 0.449219 0.71875 0.339063 0.479167
1 0.455469 0.723958 0.326562 0.489583
1 0.455469 0.723958 0.326562 0.489583
1 0.453906 0.723958 0.323438 0.489583
1 0.453906 0.723958 0.323438 0.489583
1 0.45625 0.728125 0.325 0.472917
1 0.45625 0.728125 0.325 0.472917
1 0.455469 0.725 0.323438 0.4875
1 0.455469 0.725 0.323438 0.4875
1 0.453906 0.722917 0.326562 0.495833
1 0.453906 0.722917 0.326562 0.495833
1 0.453906 0.722917 0.326562 0.495833
1 0.453906 0.720833 0.329688 0.483333
1 0.453906 0.720833 0.329688 0.483333
1 0.453906 0.720833 0.326562 0.479167
1 0.453906 0.720833 0.326562 0.479167
1 0.953125 0.0291667 0.09375 0.0583333
1 0.452344 0.722917 0.329688 0.479167
1 0.953125 0.0291667 0.09375 0.0583333
1 0.452344 0.722917 0.329688 0.479167
1 0.451562 0.722917 0.328125 0.483333
1 0.451562 0.722917 0.328125 0.483333
1 0.453125 0.725 0.325 0.475
1 0.453125 0.725 0.325 0.475
1 0.453125 0.725 0.325 0.475
1 0.957812 0.0270833 0.084375 0.0541667
1 0.453125 0.721875 0.325 0.489583
1 0.957812 0.0270833 0.084375 0.0541667
1 0.453125 0.721875 0.325 0.489583
1 0.453906 0.720833 0.323438 0.4875
1 0.453906 0.720833 0.323438 0.4875
1 0.454688 0.722917 0.328125 0.479167
1 0.454688 0.722917 0.328125 0.479167
1 0.453906 0.721875 0.323438 0.48125
1 0.453906 0.721875 0.323438 0.48125
1 0.453906 0.727083 0.323438 0.470833
1 0.453906 0.727083 0.323438 0.470833
1 0.454688 0.723958 0.325 0.477083
1 0.454688 0.723958 0.325 0.477083
1 0.455469 0.723958 0.323438 0.48125
1 0.455469 0.723958 0.323438 0.48125
1 0.452344 0.722917 0.326562 0.470833
1 0.452344 0.722917 0.326562 0.470833
1 0.452344 0.723958 0.329688 0.477083
1 0.452344 0.723958 0.329688 0.477083
1 0.453125 0.721875 0.325 0.472917
1 0.453125 0.721875 0.325 0.472917
1 0.453906 0.721875 0.326562 0.48125
1 0.453906 0.721875 0.326562 0.48125
1 0.45 0.719792 0.328125 0.477083
1 0.444531 0.715625 0.332812 0.489583
1 0.444531 0.715625 0.332812 0.489583
1 0.442187 0.719792 0.334375 0.489583
1 0.442187 0.719792 0.334375 0.489583
1 0.450781 0.719792 0.326562 0.489583
1 0.450781 0.719792 0.326562 0.489583
1 0.45 0.720833 0.33125 0.491667
1 0.45 0.720833 0.33125 0.491667
1 0.448438 0.719792 0.328125 0.49375
1 0.448438 0.719792 0.328125 0.49375
1 0.447656 0.719792 0.329688 0.49375
1 0.447656 0.719792 0.329688 0.49375
1 0.449219 0.721875 0.326562 0.48125
1 0.449219 0.721875 0.326562 0.48125
1 0.45 0.71875 0.325 0.479167
1 0.45 0.71875 0.325 0.479167
1 0.960156 0.028125 0.0796875 0.05625
1 0.44375 0.71875 0.33125 0.479167
1 0.960156 0.028125 0.0796875 0.05625
1 0.44375 0.71875 0.33125 0.479167
1 0.959375 0.028125 0.08125 0.05625
1 0.441406 0.714583 0.332812 0.483333
1 0.959375 0.028125 0.08125 0.05625
1 0.441406 0.714583 0.332812 0.483333
1 0.441406 0.716667 0.332812 0.483333
1 0.441406 0.716667 0.332812 0.483333
1 0.440625 0.714583 0.33125 0.479167
1 0.440625 0.714583 0.33125 0.479167
1 0.44375 0.717708 0.33125 0.472917
1 0.44375 0.717708 0.33125 0.472917
1 0.44375 0.714583 0.33125 0.470833
1 0.44375 0.714583 0.33125 0.470833
1 0.442187 0.71875 0.328125 0.470833
1 0.442187 0.71875 0.328125 0.470833
1 0.442969 0.717708 0.329688 0.464583
1 0.442969 0.717708 0.329688 0.464583
1 0.442187 0.716667 0.328125 0.466667
1 0.442187 0.716667 0.328125 0.466667
1 0.442187 0.716667 0.328125 0.466667
1 0.440625 0.721875 0.328125 0.452083
1 0.440625 0.721875 0.328125 0.452083
1 0.439063 0.71875 0.328125 0.475
1 0.439063 0.71875 0.328125 0.475
1 0.442187 0.716667 0.328125 0.466667
1 0.442187 0.716667 0.328125 0.466667
1 0.439844 0.7125 0.326562 0.479167
1 0.439844 0.7125 0.326562 0.479167
1 0.442187 0.714583 0.334375 0.475
1 0.442187 0.714583 0.334375 0.475
1 0.442187 0.714583 0.334375 0.475
1 0.441406 0.716667 0.329688 0.479167
1 0.441406 0.716667 0.329688 0.479167
1 0.442969 0.717708 0.332812 0.472917
1 0.442969 0.717708 0.332812 0.472917
1 0.44375 0.714583 0.334375 0.475
1 0.44375 0.714583 0.334375 0.475
1 0.442187 0.714583 0.33125 0.470833
1 0.442187 0.714583 0.33125 0.470833
1 0.44375 0.715625 0.33125 0.45625
1 0.44375 0.715625 0.33125 0.45625
1 0.442187 0.716667 0.334375 0.458333
1 0.442187 0.716667 0.334375 0.458333
1 0.441406 0.716667 0.329688 0.458333
1 0.441406 0.716667 0.329688 0.458333
1 0.453125 0.723958 0.325 0.460417
1 0.453125 0.723958 0.325 0.460417
1 0.438281 0.710417 0.323438 0.479167
1 0.438281 0.710417 0.323438 0.479167
1 0.438281 0.710417 0.323438 0.479167
1 0.41875 0.704167 0.30625 0.5375
1 0.41875 0.704167 0.30625 0.5375
1 0.409375 0.709375 0.3125 0.547917
1 0.409375 0.709375 0.3125 0.547917
1 0.410937 0.704167 0.315625 0.558333
1 0.410937 0.704167 0.315625 0.558333
1 0.411719 0.702083 0.314063 0.554167
1 0.411719 0.702083 0.314063 0.554167
1 0.408594 0.70625 0.307813 0.55
1 0.408594 0.70625 0.307813 0.55
1 0.407813 0.705208 0.309375 0.55625
1 0.407813 0.705208 0.309375 0.55625
1 0.407813 0.705208 0.309375 0.55625
1 0.409375 0.70625 0.309375 0.554167
1 0.409375 0.70625 0.309375 0.554167
1 0.408594 0.709375 0.310937 0.547917
1 0.408594 0.709375 0.310937 0.547917
1 0.410937 0.711458 0.296875 0.51875
1 0.410937 0.711458 0.296875 0.51875
1 0.414062 0.709375 0.303125 0.527083
1 0.414062 0.709375 0.303125 0.527083
1 0.415625 0.709375 0.296875 0.514583
1 0.415625 0.709375 0.296875 0.514583
1 0.420312 0.70625 0.29375 0.504167
1 0.420312 0.70625 0.29375 0.504167
1 0.420312 0.704167 0.29375 0.5
1 0.420312 0.704167 0.29375 0.5
1 0.420312 0.704167 0.29375 0.5
1 0.421094 0.697917 0.292188 0.516667
1 0.421094 0.697917 0.292188 0.516667
1 0.423438 0.701042 0.29375 0.502083
1 0.423438 0.697917 0.296875 0.508333
1 0.423438 0.697917 0.296875 0.508333
1 0.424219 0.703125 0.295312 0.49375
1 0.424219 0.703125 0.295312 0.49375
1 0.424219 0.703125 0.295312 0.49375
1 0.423438 0.70625 0.296875 0.479167
1 0.423438 0.70625 0.296875 0.479167
1 0.424219 0.711458 0.298438 0.489583
1 0.424219 0.711458 0.298438 0.489583
1 0.425781 0.709375 0.298438 0.489583
1 0.425781 0.709375 0.298438 0.489583
1 0.421094 0.715625 0.289062 0.46875
1 0.421094 0.715625 0.289062 0.46875
1 0.421094 0.714583 0.289062 0.466667
1 0.421094 0.714583 0.289062 0.466667
1 0.425 0.709375 0.29375 0.46875
1 0.425 0.709375 0.29375 0.46875
1 0.424219 0.713542 0.295312 0.472917
1 0.424219 0.713542 0.295312 0.472917
1 0.427344 0.710417 0.301562 0.470833
1 0.427344 0.710417 0.301562 0.470833
1 0.519531 0.702083 0.292188 0.5
1 0.519531 0.702083 0.292188 0.5
