2 0.542188 0.704167 0.321875 0.483333
2 0.522656 0.709375 0.326562 0.48125
2 0.540625 0.697917 0.328125 0.479167
2 0.540625 0.697917 0.328125 0.479167
1 0.526563 0.708333 0.31875 0.483333
1 0.526563 0.708333 0.31875 0.483333
1 0.526563 0.708333 0.31875 0.483333
1 0.526563 0.70625 0.321875 0.491667
1 0.526563 0.70625 0.321875 0.491667
1 0.530469 0.707292 0.323438 0.48125
2 0.542969 0.704167 0.320312 0.475
1 0.530469 0.707292 0.323438 0.48125
2 0.542969 0.704167 0.320312 0.475
2 0.542969 0.704167 0.323438 0.479167
2 0.542969 0.704167 0.323438 0.479167
2 0.54375 0.698958 0.325 0.485417
2 0.54375 0.698958 0.325 0.485417
2 0.544531 0.701042 0.323438 0.485417
2 0.544531 0.701042 0.323438 0.485417
2 0.546875 0.701042 0.31875 0.477083
2 0.546875 0.701042 0.31875 0.477083
2 0.542969 0.7 0.323438 0.4875
2 0.542969 0.7 0.323438 0.4875
2 0.546094 0.697917 0.320312 0.483333
2 0.546094 0.697917 0.320312 0.483333
2 0.542188 0.703125 0.31875 0.46875
2 0.542188 0.703125 0.31875 0.46875
2 0.542188 0.703125 0.31875 0.46875
2 0.542188 0.701042 0.321875 0.472917
2 0.542188 0.701042 0.321875 0.472917
2 0.542969 0.704167 0.320312 0.475
2 0.542969 0.704167 0.320312 0.475
2 0.541406 0.701042 0.320312 0.46875
2 0.541406 0.701042 0.320312 0.46875
2 0.541406 0.703125 0.320312 0.472917
2 0.541406 0.703125 0.320312 0.472917
2 0.540625 0.70625 0.325 0.4625
2 0.540625 0.70625 0.325 0.4625
2 0.541406 0.705208 0.323438 0.45625
2 0.541406 0.705208 0.323438 0.45625
2 0.540625 0.697917 0.325 0.4625
2 0.540625 0.697917 0.325 0.4625
2 0.540625 0.697917 0.325 0.4625
2 0.521875 0.707292 0.315625 0.464583
2 0.521875 0.707292 0.315625 0.464583
2 0.5125 0.709375 0.3125 0.49375
2 0.5125 0.709375 0.3125 0.49375
2 0.511719 0.708333 0.310937 0.475
2 0.511719 0.708333 0.310937 0.475
2 0.514063 0.705208 0.315625 0.46875
2 0.514063 0.705208 0.315625 0.46875
2 0.514844 0.704167 0.317187 0.4625
2 0.514844 0.704167 0.317187 0.4625
2 0.515625 0.7 0.3125 0.458333
2 0.513281 0.697917 0.310937 0.470833
2 0.513281 0.697917 0.310937 0.470833
2 0.510938 0.694792 0.3125 0.472917
2 0.510938 0.694792 0.3125 0.472917
2 0.510938 0.694792 0.3125 0.48125
2 0.510938 0.694792 0.3125 0.48125
2 0.50625 0.701042 0.31875 0.502083
2 0.50625 0.701042 0.31875 0.502083
2 0.501562 0.695833 0.315625 0.491667
2 0.501562 0.695833 0.315625 0.491667
1 0.500781 0.697917 0.317187 0.504167
1 0.501562 0.69375 0.3375 0.504167
1 0.501562 0.69375 0.3375 0.504167
1 0.475 0.697917 0.315625 0.520833
1 0.475 0.697917 0.315625 0.520833
1 0.377344 0.739583 0.335938 0.520833
1 0.378125 0.729167 0.3125 0.533333
1 0.378125 0.729167 0.3125 0.533333
1 0.43125 0.73125 0.31875 0.504167
1 0.43125 0.73125 0.31875 0.504167
1 0.416406 0.726042 0.317187 0.510417
1 0.416406 0.726042 0.317187 0.510417
1 0.371875 0.0958333 0.2375 0.191667
1 0.371875 0.0958333 0.2375 0.191667
1 0.419531 0.716667 0.342187 0.529167
1 0.420312 0.713542 0.353125 0.514583
1 0.420312 0.713542 0.353125 0.514583
1 0.430469 0.709375 0.351562 0.510417
2 0.489062 0.689583 0.359375 0.541667
2 0.489062 0.689583 0.359375 0.541667
2 0.49375 0.682292 0.35625 0.51875
2 0.505469 0.672917 0.320312 0.508333
1 0.492188 0.679167 0.35 0.516667
2 0.505469 0.672917 0.320312 0.508333
1 0.492188 0.679167 0.35 0.516667
1 0.490625 0.686458 0.34375 0.50625
2 0.49375 0.682292 0.346875 0.502083
2 0.489062 0.679167 0.353125 0.516667
2 0.489062 0.679167 0.353125 0.516667
2 0.500781 0.672917 0.323438 0.495833
1 0.490625 0.679167 0.3375 0.5
2 0.500781 0.671875 0.329688 0.510417
1 0.492969 0.675 0.342187 0.504167
2 0.500781 0.671875 0.329688 0.510417
1 0.492969 0.675 0.342187 0.504167
2 0.5 0.672917 0.328125 0.4875
1 0.491406 0.679167 0.345313 0.483333
2 0.5 0.672917 0.328125 0.4875
1 0.491406 0.679167 0.345313 0.483333
1 0.492188 0.669792 0.34375 0.485417
2 0.496875 0.680208 0.340625 0.477083
2 0.498437 0.670833 0.328125 0.491667
1 0.492188 0.676042 0.340625 0.489583
1 0.491406 0.676042 0.345313 0.510417
2 0.5 0.66875 0.33125 0.516667
1 0.495313 0.676042 0.34375 0.502083
2 0.5 0.66875 0.33125 0.516667
1 0.495313 0.676042 0.34375 0.502083
2 0.498437 0.680208 0.353125 0.502083
2 0.498437 0.680208 0.353125 0.502083
2 0.495313 0.680208 0.353125 0.497917
2 0.500781 0.66875 0.326562 0.5
1 0.492969 0.676042 0.348437 0.50625
2 0.500781 0.66875 0.326562 0.5
1 0.492969 0.676042 0.348437 0.50625
2 0.500781 0.666667 0.326562 0.483333
1 0.49375 0.670833 0.346875 0.491667
2 0.501562 0.669792 0.321875 0.48125
1 0.49375 0.677083 0.346875 0.4875
2 0.501562 0.669792 0.321875 0.48125
1 0.49375 0.677083 0.346875 0.4875
2 0.499219 0.666667 0.329688 0.491667
1 0.492188 0.675 0.346875 0.491667
2 0.499219 0.666667 0.329688 0.491667
1 0.492188 0.675 0.346875 0.491667
1 0.495313 0.678125 0.35 0.510417
1 0.492188 0.679167 0.359375 0.508333
1 0.492188 0.679167 0.359375 0.508333
1 0.496094 0.675 0.345313 0.508333
1 0.490625 0.676042 0.34375 0.50625
1 0.490625 0.676042 0.34375 0.50625
1 0.490625 0.676042 0.34375 0.50625
1 0.490625 0.676042 0.34375 0.50625
