1 0.945312 0.2875 0.1 0.575
1 0.945312 0.2875 0.1 0.575
1 0.959375 0.310417 0.08125 0.620833
1 0.959375 0.310417 0.08125 0.620833
1 0.953125 0.270833 0.0875 0.541667
1 0.953125 0.270833 0.0875 0.541667
1 0.953125 0.270833 0.0875 0.541667
1 0.466406 0.694792 0.323438 0.610417
1 0.466406 0.694792 0.323438 0.610417
1 0.476562 0.717708 0.315625 0.564583
1 0.476562 0.717708 0.315625 0.564583
1 0.483594 0.7125 0.264062 0.558333
1 0.483594 0.7125 0.264062 0.558333
1 0.967969 0.915625 0.0578125 0.15625
1 0.967969 0.915625 0.0578125 0.15625
1 0.967188 0.914583 0.0625 0.166667
1 0.967188 0.914583 0.0625 0.166667
1 0.967188 0.914583 0.0625 0.166667
1 0.627344 0.671875 0.276563 0.65625
1 0.647656 0.689583 0.295312 0.620833
1 0.647656 0.689583 0.295312 0.620833
1 0.603125 0.677083 0.2375 0.645833
1 0.603125 0.677083 0.2375 0.645833
1 0.96875 0.923958 0.0625 0.152083
1 0.96875 0.923958 0.0625 0.152083
1 0.510156 0.675 0.226562 0.65
1 0.510156 0.675 0.226562 0.65
1 0.503125 0.68125 0.228125 0.6375
1 0.503125 0.68125 0.228125 0.6375
2 0.488281 0.561458 0.282813 0.364583
2 0.488281 0.561458 0.282813 0.364583
2 0.4875 0.577083 0.278125 0.4125
2 0.4875 0.577083 0.278125 0.4125
2 0.489062 0.5625 0.28125 0.366667
2 0.489062 0.5625 0.28125 0.366667
1 0.503906 0.689583 0.251563 0.620833
1 0.503906 0.689583 0.251563 0.620833
1 0.499219 0.673958 0.257812 0.652083
1 0.499219 0.673958 0.257812 0.652083
1 0.502344 0.677083 0.257812 0.645833
1 0.502344 0.677083 0.257812 0.645833
1 0.503125 0.679167 0.25 0.641667
1 0.503125 0.679167 0.25 0.641667
2 0.488281 0.559375 0.279687 0.36875
2 0.488281 0.55625 0.276563 0.3625
2 0.488281 0.55625 0.276563 0.3625
1 0.501562 0.684375 0.259375 0.63125
1 0.501562 0.684375 0.259375 0.63125
1 0.503125 0.678125 0.2625 0.64375
1 0.501562 0.677083 0.25625 0.645833
1 0.501562 0.677083 0.25625 0.645833
2 0.517969 0.53125 0.264062 0.416667
2 0.517969 0.53125 0.264062 0.416667
2 0.523438 0.5375 0.24375 0.404167
2 0.523438 0.5375 0.24375 0.404167
2 0.51875 0.544792 0.23125 0.439583
2 0.51875 0.544792 0.23125 0.439583
2 0.513281 0.540625 0.223438 0.414583
2 0.513281 0.540625 0.223438 0.414583
2 0.503125 0.557292 0.225 0.452083
2 0.503125 0.557292 0.225 0.452083
2 0.490625 0.55625 0.2125 0.354167
2 0.490625 0.55625 0.2125 0.354167
0 0.485938 0.55 0.221875 0.3375
0 0.485938 0.55 0.221875 0.3375
1 0.490625 0.585417 0.209375 0.554167
2 0.488281 0.553125 0.214062 0.38125
1 0.490625 0.585417 0.209375 0.554167
2 0.488281 0.553125 0.214062 0.38125
0 0.486719 0.554167 0.220313 0.325
2 0.486719 0.553125 0.217187 0.352083
0 0.486719 0.554167 0.220313 0.325
2 0.486719 0.553125 0.217187 0.352083
0 0.486719 0.554167 0.220313 0.325
2 0.486719 0.553125 0.217187 0.352083
0 0.485938 0.5625 0.221875 0.341667
2 0.489844 0.575 0.220313 0.391667
1 0.489062 0.58125 0.209375 0.470833
0 0.485938 0.5625 0.221875 0.341667
2 0.489844 0.575 0.220313 0.391667
1 0.489062 0.58125 0.209375 0.470833
2 0.491406 0.580208 0.223438 0.422917
1 0.492969 0.58125 0.214062 0.4875
0 0.486719 0.572917 0.217187 0.379167
2 0.491406 0.580208 0.223438 0.422917
1 0.492969 0.58125 0.214062 0.4875
0 0.486719 0.572917 0.217187 0.379167
0 0.4875 0.56875 0.209375 0.35
2 0.492969 0.56875 0.217187 0.379167
0 0.4875 0.56875 0.209375 0.35
2 0.492969 0.56875 0.217187 0.379167
0 0.486719 0.565625 0.207813 0.352083
2 0.492969 0.555208 0.210938 0.347917
0 0.486719 0.565625 0.207813 0.352083
2 0.492969 0.555208 0.210938 0.347917
0 0.4875 0.5625 0.20625 0.341667
2 0.492188 0.554167 0.209375 0.3375
0 0.4875 0.5625 0.20625 0.341667
2 0.492188 0.554167 0.209375 0.3375
0 0.4875 0.5625 0.20625 0.341667
2 0.492188 0.554167 0.209375 0.3375
0 0.489844 0.5625 0.207813 0.325
2 0.49375 0.552083 0.20625 0.329167
0 0.489844 0.5625 0.207813 0.325
2 0.49375 0.552083 0.20625 0.329167
2 0.49375 0.553125 0.20625 0.339583
2 0.49375 0.553125 0.20625 0.339583
2 0.494531 0.55 0.207813 0.333333
2 0.494531 0.55 0.207813 0.333333
0 0.489844 0.570833 0.214062 0.333333
2 0.491406 0.55625 0.214062 0.345833
0 0.489844 0.570833 0.214062 0.333333
2 0.491406 0.55625 0.214062 0.345833
0 0.489844 0.570833 0.214062 0.333333
2 0.491406 0.55625 0.214062 0.345833
0 0.486719 0.571875 0.210938 0.33125
2 0.491406 0.557292 0.214062 0.360417
0 0.486719 0.571875 0.210938 0.33125
2 0.491406 0.557292 0.214062 0.360417
0 0.488281 0.564583 0.210938 0.3375
2 0.490625 0.553125 0.2125 0.339583
0 0.488281 0.564583 0.210938 0.3375
2 0.490625 0.553125 0.2125 0.339583
0 0.488281 0.564583 0.210938 0.3375
2 0.490625 0.553125 0.2125 0.339583
0 0.485938 0.572917 0.2125 0.345833
2 0.489062 0.564583 0.215625 0.370833
0 0.485938 0.572917 0.2125 0.345833
2 0.489062 0.564583 0.215625 0.370833
0 0.4875 0.565625 0.2125 0.322917
2 0.491406 0.55625 0.214062 0.329167
0 0.4875 0.565625 0.2125 0.322917
2 0.491406 0.55625 0.214062 0.329167
2 0.492969 0.558333 0.210938 0.333333
2 0.492969 0.558333 0.210938 0.333333
2 0.49375 0.5625 0.2125 0.3375
2 0.49375 0.5625 0.2125 0.3375
2 0.49375 0.5625 0.2125 0.3375
2 0.492969 0.557292 0.210938 0.327083
2 0.492969 0.557292 0.210938 0.327083
2 0.49375 0.559375 0.2125 0.33125
2 0.49375 0.559375 0.2125 0.33125
2 0.49375 0.560417 0.2125 0.3375
2 0.49375 0.560417 0.2125 0.3375
2 0.492969 0.560417 0.210938 0.329167
2 0.492969 0.560417 0.210938 0.329167
2 0.492969 0.558333 0.210938 0.333333
2 0.492969 0.558333 0.210938 0.333333
2 0.491406 0.558333 0.210938 0.333333
2 0.491406 0.558333 0.210938 0.333333
2 0.492188 0.555208 0.209375 0.31875
2 0.492188 0.555208 0.209375 0.31875
2 0.492969 0.558333 0.210938 0.329167
2 0.492969 0.558333 0.210938 0.329167
2 0.492969 0.561458 0.210938 0.31875
2 0.492969 0.561458 0.210938 0.31875
2 0.494531 0.559375 0.210938 0.327083
2 0.49375 0.555208 0.2125 0.33125
2 0.49375 0.555208 0.2125 0.33125
2 0.495313 0.551042 0.215625 0.335417
2 0.495313 0.551042 0.215625 0.335417
2 0.495313 0.559375 0.209375 0.34375
2 0.495313 0.559375 0.209375 0.34375
2 0.495313 0.557292 0.2125 0.339583
2 0.495313 0.557292 0.2125 0.339583
0 0.491406 0.561458 0.204688 0.347917
2 0.495313 0.555208 0.215625 0.35625
0 0.491406 0.561458 0.204688 0.347917
2 0.495313 0.555208 0.215625 0.35625
0 0.49375 0.558333 0.2 0.333333
2 0.5 0.552083 0.215625 0.345833
0 0.49375 0.558333 0.2 0.333333
2 0.5 0.552083 0.215625 0.345833
2 0.515625 0.547917 0.225 0.333333
2 0.515625 0.547917 0.225 0.333333
2 0.520312 0.555208 0.225 0.352083
2 0.520312 0.555208 0.225 0.352083
2 0.525781 0.557292 0.232812 0.36875
2 0.525781 0.557292 0.232812 0.36875
2 0.525781 0.555208 0.229687 0.360417
2 0.525781 0.555208 0.229687 0.360417
2 0.526563 0.552083 0.228125 0.3375
2 0.526563 0.552083 0.228125 0.3375
2 0.525 0.557292 0.23125 0.335417
2 0.525 0.557292 0.23125 0.335417
2 0.525 0.557292 0.23125 0.335417
2 0.521094 0.576042 0.226562 0.372917
2 0.521094 0.576042 0.226562 0.372917
2 0.521094 0.569792 0.226562 0.352083
2 0.521094 0.569792 0.226562 0.352083
2 0.517187 0.565625 0.20625 0.322917
2 0.517187 0.565625 0.20625 0.322917
2 0.517187 0.565625 0.20625 0.322917
2 0.520312 0.573958 0.234375 0.360417
2 0.520312 0.573958 0.234375 0.360417
2 0.525781 0.558333 0.232812 0.333333
2 0.525781 0.558333 0.232812 0.333333
2 0.527344 0.5625 0.229687 0.325
2 0.527344 0.5625 0.229687 0.325
2 0.517969 0.552083 0.223438 0.329167
2 0.517969 0.552083 0.223438 0.329167
2 0.517969 0.552083 0.223438 0.329167
2 0.501562 0.557292 0.228125 0.31875
2 0.501562 0.557292 0.228125 0.31875
1 0.509375 0.679167 0.20625 0.641667
1 0.509375 0.679167 0.20625 0.641667
1 0.488281 0.59375 0.229687 0.545833
1 0.488281 0.59375 0.229687 0.545833
1 0.488281 0.59375 0.229687 0.545833
2 0.485938 0.55 0.228125 0.3375
2 0.485938 0.55 0.228125 0.3375
2 0.482812 0.548958 0.228125 0.364583
2 0.482812 0.548958 0.228125 0.364583
2 0.463281 0.576042 0.220313 0.29375
2 0.463281 0.576042 0.220313 0.29375
2 0.46875 0.551042 0.221875 0.347917
2 0.46875 0.551042 0.221875 0.347917
2 0.46875 0.551042 0.221875 0.347917
2 0.467187 0.55 0.221875 0.341667
2 0.467187 0.55 0.221875 0.341667
2 0.469531 0.548958 0.220313 0.360417
2 0.469531 0.548958 0.220313 0.360417
2 0.469531 0.548958 0.220313 0.360417
2 0.470313 0.547917 0.225 0.366667
2 0.470313 0.547917 0.225 0.366667
2 0.471875 0.546875 0.225 0.364583
2 0.471875 0.546875 0.225 0.364583
2 0.472656 0.545833 0.226562 0.345833
2 0.472656 0.545833 0.226562 0.345833
2 0.472656 0.545833 0.226562 0.345833
2 0.477344 0.541667 0.226562 0.341667
2 0.477344 0.541667 0.226562 0.341667
2 0.484375 0.561458 0.2375 0.34375
2 0.484375 0.561458 0.2375 0.34375
2 0.491406 0.564583 0.232812 0.3375
2 0.491406 0.564583 0.232812 0.3375
2 0.491406 0.564583 0.232812 0.3375
2 0.50625 0.572917 0.234375 0.3125
2 0.50625 0.572917 0.234375 0.3125
2 0.5125 0.547917 0.240625 0.366667
2 0.5125 0.547917 0.240625 0.366667
2 0.507812 0.564583 0.240625 0.354167
2 0.507812 0.564583 0.240625 0.354167
2 0.507812 0.564583 0.240625 0.354167
2 0.491406 0.607292 0.232812 0.347917
2 0.491406 0.607292 0.232812 0.347917
2 0.492969 0.616667 0.226562 0.358333
2 0.492969 0.616667 0.226562 0.358333
2 0.492969 0.616667 0.226562 0.358333
2 0.492969 0.609375 0.232812 0.352083
2 0.492969 0.609375 0.232812 0.352083
2 0.489844 0.6125 0.235938 0.375
2 0.489844 0.6125 0.235938 0.375
2 0.490625 0.590625 0.225 0.352083
2 0.490625 0.590625 0.225 0.352083
2 0.490625 0.590625 0.225 0.352083
2 0.494531 0.586458 0.217187 0.347917
2 0.494531 0.586458 0.217187 0.347917
2 0.49375 0.5875 0.21875 0.3625
2 0.49375 0.5875 0.21875 0.3625
2 0.491406 0.590625 0.217187 0.377083
2 0.491406 0.590625 0.217187 0.377083
2 0.491406 0.590625 0.217187 0.377083
2 0.49375 0.586458 0.225 0.364583
2 0.49375 0.586458 0.225 0.364583
2 0.491406 0.583333 0.220313 0.35
2 0.491406 0.583333 0.220313 0.35
2 0.491406 0.583333 0.220313 0.35
2 0.492188 0.579167 0.215625 0.333333
2 0.492188 0.579167 0.215625 0.333333
2 0.488281 0.569792 0.223438 0.352083
2 0.488281 0.569792 0.223438 0.352083
1 0.501562 0.622917 0.234375 0.6375
2 0.4875 0.580208 0.225 0.377083
1 0.501562 0.622917 0.234375 0.6375
2 0.4875 0.580208 0.225 0.377083
2 0.490625 0.583333 0.225 0.345833
2 0.490625 0.583333 0.225 0.345833
2 0.490625 0.583333 0.225 0.345833
2 0.495313 0.564583 0.21875 0.345833
2 0.495313 0.564583 0.21875 0.345833
2 0.494531 0.589583 0.220313 0.35
2 0.494531 0.589583 0.220313 0.35
2 0.492188 0.583333 0.215625 0.333333
2 0.492188 0.583333 0.215625 0.333333
2 0.492188 0.583333 0.215625 0.333333
2 0.49375 0.582292 0.21875 0.327083
2 0.49375 0.582292 0.21875 0.327083
2 0.497656 0.5625 0.220313 0.35
2 0.497656 0.5625 0.220313 0.35
2 0.494531 0.58125 0.217187 0.333333
2 0.494531 0.58125 0.217187 0.333333
2 0.494531 0.58125 0.217187 0.333333
2 0.499219 0.559375 0.223438 0.352083
2 0.499219 0.559375 0.223438 0.352083
2 0.499219 0.5625 0.220313 0.341667
2 0.499219 0.5625 0.220313 0.341667
2 0.49375 0.579167 0.225 0.3375
2 0.49375 0.579167 0.225 0.3375
2 0.49375 0.579167 0.225 0.3375
2 0.492188 0.577083 0.221875 0.3125
2 0.492188 0.577083 0.221875 0.3125
2 0.500781 0.5625 0.235938 0.358333
0 0.492969 0.573958 0.226562 0.34375
2 0.500781 0.5625 0.235938 0.358333
0 0.492969 0.573958 0.226562 0.34375
2 0.500781 0.5625 0.235938 0.358333
0 0.492969 0.573958 0.226562 0.34375
1 0.504687 0.685417 0.21875 0.629167
1 0.504687 0.685417 0.21875 0.629167
2 0.482812 0.585417 0.234375 0.354167
2 0.482812 0.585417 0.234375 0.354167
2 0.482031 0.586458 0.229687 0.34375
2 0.482031 0.586458 0.229687 0.34375
1 0.95625 0.954167 0.0875 0.0916667
1 0.95625 0.954167 0.0875 0.0916667
0 0.520312 0.717708 0.24375 0.552083
1 0.525 0.727083 0.2375 0.545833
0 0.520312 0.717708 0.24375 0.552083
1 0.525 0.727083 0.2375 0.545833
1 0.511719 0.7 0.248437 0.6
1 0.511719 0.7 0.248437 0.6
1 0.607031 0.579167 0.217187 0.508333
0 0.607813 0.563542 0.203125 0.389583
2 0.607813 0.569792 0.203125 0.39375
1 0.607031 0.579167 0.217187 0.508333
0 0.607813 0.563542 0.203125 0.389583
2 0.607813 0.569792 0.203125 0.39375
2 0.607813 0.561458 0.2125 0.33125
2 0.607813 0.561458 0.2125 0.33125
2 0.607813 0.561458 0.2125 0.33125
2 0.610156 0.583333 0.217187 0.383333
2 0.610156 0.583333 0.217187 0.383333
2 0.617969 0.58125 0.210938 0.3375
2 0.617969 0.58125 0.210938 0.3375
2 0.616406 0.578125 0.207813 0.302083
2 0.616406 0.578125 0.207813 0.302083
0 0.60625 0.578125 0.184375 0.285417
2 0.610156 0.575 0.201562 0.3125
0 0.60625 0.578125 0.184375 0.285417
2 0.610156 0.575 0.201562 0.3125
2 0.597656 0.571875 0.207813 0.33125
2 0.597656 0.571875 0.207813 0.33125
2 0.592969 0.575 0.201562 0.325
2 0.592969 0.575 0.201562 0.325
2 0.583594 0.584375 0.207813 0.364583
2 0.583594 0.584375 0.207813 0.364583
2 0.579687 0.592708 0.2 0.39375
2 0.579687 0.592708 0.2 0.39375
2 0.578125 0.575 0.2 0.345833
2 0.578125 0.575 0.2 0.345833
2 0.578125 0.575 0.2 0.345833
2 0.579687 0.576042 0.203125 0.322917
2 0.579687 0.576042 0.203125 0.322917
2 0.582812 0.577083 0.203125 0.304167
2 0.582812 0.577083 0.203125 0.304167
2 0.582812 0.577083 0.196875 0.320833
2 0.582812 0.577083 0.196875 0.320833
2 0.582812 0.577083 0.196875 0.320833
0 0.584375 0.582292 0.20625 0.427083
2 0.585156 0.575 0.198437 0.333333
0 0.584375 0.582292 0.20625 0.427083
2 0.585156 0.575 0.198437 0.333333
0 0.56875 0.6 0.228125 0.354167
0 0.56875 0.6 0.228125 0.354167
0 0.571875 0.583333 0.221875 0.304167
1 0.571094 0.586458 0.229687 0.29375
0 0.571875 0.583333 0.221875 0.304167
1 0.571094 0.586458 0.229687 0.29375
0 0.571875 0.583333 0.221875 0.304167
1 0.571094 0.586458 0.229687 0.29375
1 0.577344 0.591667 0.226562 0.3
1 0.577344 0.591667 0.226562 0.3
1 0.577344 0.590625 0.232812 0.30625
1 0.577344 0.590625 0.232812 0.30625
1 0.575781 0.591667 0.232812 0.308333
1 0.575781 0.591667 0.232812 0.308333
1 0.575781 0.591667 0.232812 0.308333
1 0.56875 0.596875 0.21875 0.31875
1 0.56875 0.596875 0.21875 0.31875
1 0.56875 0.596875 0.21875 0.31875
1 0.565625 0.601042 0.21875 0.314583
1 0.565625 0.601042 0.21875 0.314583
0 0.567187 0.601042 0.221875 0.302083
1 0.567187 0.591667 0.215625 0.295833
0 0.567187 0.601042 0.221875 0.302083
1 0.567187 0.591667 0.215625 0.295833
0 0.570312 0.594792 0.228125 0.302083
1 0.572656 0.589583 0.223438 0.295833
0 0.570312 0.594792 0.228125 0.302083
1 0.572656 0.589583 0.223438 0.295833
0 0.570312 0.596875 0.228125 0.302083
1 0.571875 0.59375 0.225 0.295833
0 0.570312 0.596875 0.228125 0.302083
1 0.571875 0.59375 0.225 0.295833
0 0.570312 0.596875 0.228125 0.302083
1 0.571875 0.59375 0.225 0.295833
0 0.571875 0.59375 0.225 0.2875
1 0.571875 0.591667 0.21875 0.291667
0 0.571875 0.59375 0.225 0.2875
1 0.571875 0.591667 0.21875 0.291667
1 0.571875 0.59375 0.221875 0.279167
1 0.571875 0.59375 0.221875 0.279167
0 0.569531 0.588542 0.232812 0.285417
1 0.567969 0.584375 0.220313 0.277083
0 0.569531 0.588542 0.232812 0.285417
1 0.567969 0.584375 0.220313 0.277083
0 0.56875 0.584375 0.228125 0.272917
1 0.567969 0.583333 0.220313 0.266667
0 0.56875 0.584375 0.228125 0.272917
1 0.567969 0.583333 0.220313 0.266667
1 0.56875 0.576042 0.215625 0.28125
1 0.56875 0.576042 0.215625 0.28125
1 0.56875 0.576042 0.215625 0.28125
1 0.570312 0.571875 0.21875 0.285417
1 0.570312 0.571875 0.21875 0.285417
1 0.571094 0.570833 0.214062 0.2875
1 0.571094 0.570833 0.214062 0.2875
1 0.572656 0.570833 0.223438 0.283333
1 0.572656 0.570833 0.223438 0.283333
1 0.572656 0.570833 0.223438 0.283333
1 0.569531 0.567708 0.223438 0.289583
1 0.569531 0.567708 0.223438 0.289583
0 0.564062 0.566667 0.209375 0.275
1 0.5625 0.565625 0.21875 0.285417
0 0.564062 0.566667 0.209375 0.275
1 0.5625 0.565625 0.21875 0.285417
1 0.554688 0.565625 0.215625 0.29375
1 0.554688 0.565625 0.215625 0.29375
1 0.554688 0.565625 0.215625 0.29375
1 0.598437 0.5875 0.121875 0.316667
1 0.598437 0.5875 0.121875 0.316667
1 0.597656 0.580208 0.126563 0.30625
1 0.597656 0.580208 0.126563 0.30625
1 0.603906 0.586458 0.129688 0.33125
1 0.603906 0.586458 0.129688 0.33125
1 0.607031 0.586458 0.129688 0.302083
1 0.607031 0.586458 0.129688 0.302083
1 0.6125 0.575 0.125 0.270833
1 0.6125 0.575 0.125 0.270833
1 0.614844 0.570833 0.117188 0.258333
1 0.614844 0.570833 0.117188 0.258333
1 0.611719 0.570833 0.120312 0.258333
1 0.611719 0.570833 0.120312 0.258333
1 0.59375 0.5875 0.121875 0.341667
1 0.59375 0.5875 0.121875 0.341667
1 0.549219 0.591667 0.210938 0.366667
1 0.549219 0.591667 0.210938 0.366667
1 0.560156 0.585417 0.201562 0.3375
1 0.560156 0.585417 0.201562 0.3375
1 0.557813 0.572917 0.203125 0.320833
1 0.557813 0.572917 0.203125 0.320833
1 0.557813 0.572917 0.203125 0.320833
1 0.55 0.565625 0.20625 0.302083
1 0.55 0.565625 0.20625 0.302083
1 0.544531 0.56875 0.201562 0.295833
1 0.544531 0.56875 0.201562 0.295833
1 0.542969 0.569792 0.201562 0.31875
1 0.542969 0.569792 0.201562 0.31875
1 0.5375 0.58125 0.20625 0.333333
1 0.5375 0.58125 0.20625 0.333333
1 0.5375 0.58125 0.20625 0.333333
1 0.534375 0.569792 0.209375 0.339583
1 0.534375 0.569792 0.209375 0.339583
1 0.526563 0.575 0.209375 0.333333
1 0.526563 0.575 0.209375 0.333333
1 0.525 0.572917 0.209375 0.333333
1 0.525 0.572917 0.209375 0.333333
1 0.525 0.572917 0.209375 0.333333
1 0.528906 0.572917 0.210938 0.3375
1 0.528906 0.572917 0.210938 0.3375
1 0.529688 0.570833 0.209375 0.333333
1 0.529688 0.570833 0.209375 0.333333
1 0.527344 0.570833 0.207813 0.333333
1 0.527344 0.570833 0.207813 0.333333
1 0.527344 0.570833 0.207813 0.333333
1 0.525781 0.569792 0.204688 0.335417
1 0.525781 0.569792 0.204688 0.335417
1 0.523438 0.56875 0.203125 0.329167
1 0.523438 0.56875 0.203125 0.329167
1 0.521875 0.565625 0.203125 0.327083
1 0.521875 0.565625 0.203125 0.327083
1 0.521875 0.565625 0.203125 0.327083
1 0.521875 0.567708 0.2 0.33125
1 0.521875 0.567708 0.2 0.33125
1 0.520312 0.567708 0.2 0.335417
1 0.520312 0.567708 0.2 0.335417
1 0.516406 0.564583 0.204688 0.3375
1 0.516406 0.564583 0.204688 0.3375
1 0.516406 0.564583 0.204688 0.3375
1 0.513281 0.573958 0.207813 0.339583
1 0.513281 0.573958 0.207813 0.339583
1 0.509375 0.573958 0.20625 0.335417
1 0.509375 0.573958 0.20625 0.335417
1 0.50625 0.573958 0.20625 0.33125
1 0.50625 0.573958 0.20625 0.33125
1 0.50625 0.573958 0.20625 0.33125
1 0.50625 0.56875 0.2125 0.316667
1 0.50625 0.56875 0.2125 0.316667
1 0.509375 0.564583 0.209375 0.308333
1 0.509375 0.564583 0.209375 0.308333
1 0.511719 0.564583 0.214062 0.3125
1 0.511719 0.564583 0.214062 0.3125
1 0.511719 0.564583 0.214062 0.3125
1 0.514063 0.565625 0.209375 0.31875
1 0.514063 0.565625 0.209375 0.31875
1 0.5125 0.56875 0.20625 0.320833
1 0.5125 0.56875 0.20625 0.320833
1 0.509375 0.567708 0.2 0.327083
1 0.509375 0.567708 0.2 0.327083
1 0.509375 0.567708 0.2 0.327083
1 0.50625 0.572917 0.19375 0.3375
1 0.50625 0.572917 0.19375 0.3375
0 0.507031 0.58125 0.201562 0.329167
1 0.509375 0.578125 0.20625 0.34375
0 0.507031 0.58125 0.201562 0.329167
1 0.509375 0.578125 0.20625 0.34375
0 0.507812 0.589583 0.209375 0.3375
0 0.507812 0.589583 0.209375 0.3375
0 0.507812 0.589583 0.209375 0.3375
1 0.509375 0.601042 0.2 0.339583
0 0.507812 0.5875 0.203125 0.366667
1 0.509375 0.601042 0.2 0.339583
0 0.507812 0.5875 0.203125 0.366667
0 0.50625 0.590625 0.2 0.364583
0 0.50625 0.590625 0.2 0.364583
0 0.50625 0.594792 0.2 0.360417
0 0.50625 0.594792 0.2 0.360417
0 0.509375 0.592708 0.2 0.352083
0 0.509375 0.592708 0.2 0.352083
0 0.508594 0.592708 0.201562 0.35625
0 0.508594 0.592708 0.201562 0.35625
0 0.508594 0.592708 0.201562 0.35625
0 0.508594 0.59375 0.201562 0.3625
0 0.508594 0.59375 0.201562 0.3625
0 0.508594 0.595833 0.204688 0.358333
0 0.508594 0.595833 0.204688 0.358333
0 0.508594 0.594792 0.204688 0.360417
0 0.508594 0.594792 0.204688 0.360417
0 0.507812 0.59375 0.20625 0.3625
0 0.507812 0.59375 0.20625 0.3625
0 0.508594 0.592708 0.207813 0.36875
0 0.508594 0.592708 0.207813 0.36875
0 0.508594 0.59375 0.204688 0.3625
0 0.508594 0.59375 0.204688 0.3625
0 0.508594 0.59375 0.204688 0.3625
0 0.508594 0.591667 0.207813 0.366667
0 0.508594 0.591667 0.207813 0.366667
0 0.509375 0.591667 0.20625 0.366667
0 0.509375 0.591667 0.20625 0.366667
0 0.507812 0.59375 0.203125 0.3625
0 0.507812 0.59375 0.203125 0.3625
0 0.509375 0.594792 0.20625 0.360417
0 0.509375 0.594792 0.20625 0.360417
0 0.507031 0.59375 0.204688 0.345833
0 0.507031 0.59375 0.204688 0.345833
0 0.507031 0.585417 0.207813 0.329167
0 0.507031 0.585417 0.207813 0.329167
0 0.50625 0.583333 0.20625 0.329167
0 0.50625 0.583333 0.20625 0.329167
0 0.50625 0.583333 0.20625 0.329167
0 0.507031 0.583333 0.204688 0.325
0 0.507031 0.583333 0.204688 0.325
0 0.508594 0.585417 0.207813 0.345833
0 0.508594 0.585417 0.207813 0.345833
0 0.508594 0.585417 0.207813 0.345833
0 0.509375 0.590625 0.20625 0.352083
0 0.509375 0.590625 0.20625 0.352083
0 0.507812 0.594792 0.203125 0.347917
0 0.507812 0.594792 0.203125 0.347917
1 0.507812 0.598958 0.196875 0.33125
0 0.508594 0.594792 0.201562 0.339583
1 0.507812 0.598958 0.196875 0.33125
0 0.508594 0.594792 0.201562 0.339583
1 0.507812 0.598958 0.196875 0.33125
0 0.508594 0.594792 0.201562 0.339583
1 0.510156 0.585417 0.204688 0.320833
1 0.510156 0.585417 0.204688 0.320833
1 0.507812 0.578125 0.203125 0.314583
1 0.507812 0.578125 0.203125 0.314583
1 0.507812 0.570833 0.209375 0.3
1 0.507812 0.570833 0.209375 0.3
1 0.507812 0.570833 0.209375 0.3
1 0.511719 0.575 0.207813 0.308333
1 0.511719 0.575 0.207813 0.308333
1 0.510938 0.579167 0.209375 0.320833
1 0.510938 0.579167 0.209375 0.320833
1 0.510938 0.575 0.209375 0.325
1 0.510938 0.575 0.209375 0.325
1 0.510938 0.575 0.209375 0.325
1 0.510938 0.575 0.209375 0.320833
1 0.510938 0.575 0.209375 0.320833
1 0.510938 0.572917 0.209375 0.325
1 0.510938 0.572917 0.209375 0.325
1 0.509375 0.573958 0.209375 0.322917
1 0.509375 0.573958 0.209375 0.322917
1 0.509375 0.573958 0.209375 0.322917
1 0.511719 0.575 0.207813 0.320833
1 0.511719 0.575 0.207813 0.320833
1 0.5125 0.579167 0.2125 0.325
1 0.5125 0.579167 0.2125 0.325
1 0.514844 0.582292 0.210938 0.327083
1 0.514844 0.582292 0.210938 0.327083
1 0.514844 0.582292 0.210938 0.327083
1 0.514844 0.58125 0.210938 0.325
1 0.514844 0.58125 0.210938 0.325
1 0.514063 0.583333 0.2125 0.320833
1 0.514063 0.583333 0.2125 0.320833
1 0.5125 0.583333 0.2125 0.320833
1 0.5125 0.583333 0.2125 0.320833
1 0.5125 0.58125 0.2125 0.320833
1 0.5125 0.58125 0.2125 0.320833
1 0.5125 0.58125 0.2125 0.320833
1 0.511719 0.582292 0.214062 0.327083
1 0.511719 0.582292 0.214062 0.327083
1 0.510156 0.585417 0.217187 0.329167
1 0.510156 0.585417 0.217187 0.329167
1 0.510156 0.585417 0.217187 0.329167
1 0.50625 0.577083 0.2125 0.308333
1 0.50625 0.577083 0.2125 0.308333
1 0.505469 0.575 0.214062 0.308333
1 0.505469 0.575 0.214062 0.308333
1 0.508594 0.580208 0.210938 0.314583
1 0.508594 0.580208 0.210938 0.314583
1 0.508594 0.580208 0.210938 0.314583
1 0.514063 0.6125 0.196875 0.358333
0 0.514063 0.6125 0.203125 0.366667
1 0.514063 0.6125 0.196875 0.358333
0 0.514063 0.6125 0.203125 0.366667
0 0.511719 0.610417 0.201562 0.3875
0 0.511719 0.610417 0.201562 0.3875
0 0.508594 0.605208 0.198437 0.385417
0 0.508594 0.605208 0.198437 0.385417
0 0.508594 0.605208 0.198437 0.385417
0 0.507812 0.6 0.196875 0.3875
0 0.507812 0.6 0.196875 0.3875
0 0.507812 0.597917 0.2 0.3875
0 0.507812 0.597917 0.2 0.3875
0 0.508594 0.596875 0.201562 0.389583
0 0.508594 0.596875 0.201562 0.389583
0 0.509375 0.598958 0.2 0.385417
0 0.509375 0.598958 0.2 0.385417
0 0.509375 0.598958 0.2 0.385417
0 0.508594 0.601042 0.201562 0.38125
0 0.508594 0.601042 0.201562 0.38125
0 0.508594 0.595833 0.201562 0.366667
0 0.508594 0.595833 0.201562 0.366667
0 0.507031 0.585417 0.201562 0.3625
0 0.507031 0.585417 0.201562 0.3625
0 0.507031 0.585417 0.201562 0.3625
0 0.507031 0.583333 0.201562 0.354167
0 0.507031 0.583333 0.201562 0.354167
0 0.507031 0.598958 0.217187 0.322917
2 0.505469 0.577083 0.198437 0.345833
0 0.507031 0.598958 0.217187 0.322917
2 0.505469 0.577083 0.198437 0.345833
0 0.50625 0.579167 0.215625 0.358333
2 0.505469 0.576042 0.201562 0.339583
0 0.50625 0.579167 0.215625 0.358333
2 0.505469 0.576042 0.201562 0.339583
0 0.50625 0.579167 0.215625 0.358333
2 0.505469 0.576042 0.201562 0.339583
0 0.505469 0.603125 0.217187 0.31875
2 0.505469 0.582292 0.198437 0.34375
0 0.505469 0.603125 0.217187 0.31875
2 0.505469 0.582292 0.198437 0.34375
0 0.507031 0.589583 0.201562 0.345833
0 0.507031 0.589583 0.201562 0.345833
0 0.508594 0.596875 0.207813 0.364583
0 0.508594 0.596875 0.207813 0.364583
0 0.508594 0.596875 0.207813 0.364583
1 0.507812 0.585417 0.2125 0.308333
0 0.507031 0.5875 0.214062 0.316667
1 0.507812 0.585417 0.2125 0.308333
0 0.507031 0.5875 0.214062 0.316667
1 0.508594 0.582292 0.220313 0.339583
1 0.508594 0.582292 0.220313 0.339583
1 0.510938 0.577083 0.2125 0.295833
1 0.510938 0.577083 0.2125 0.295833
1 0.510938 0.577083 0.2125 0.295833
1 0.514844 0.579167 0.214062 0.308333
1 0.514844 0.579167 0.214062 0.308333
1 0.519531 0.589583 0.210938 0.329167
1 0.519531 0.589583 0.210938 0.329167
1 0.521875 0.583333 0.2125 0.320833
1 0.521875 0.583333 0.2125 0.320833
1 0.523438 0.580208 0.215625 0.322917
1 0.523438 0.580208 0.215625 0.322917
1 0.523438 0.580208 0.215625 0.322917
0 0.522656 0.579167 0.217187 0.308333
1 0.523438 0.578125 0.215625 0.31875
0 0.522656 0.579167 0.217187 0.308333
1 0.523438 0.578125 0.215625 0.31875
1 0.522656 0.564583 0.210938 0.316667
1 0.522656 0.564583 0.210938 0.316667
1 0.522656 0.564583 0.210938 0.316667
1 0.51875 0.554167 0.20625 0.308333
1 0.51875 0.554167 0.20625 0.308333
1 0.507812 0.563542 0.209375 0.314583
1 0.507812 0.563542 0.209375 0.314583
1 0.499219 0.569792 0.210938 0.310417
1 0.499219 0.569792 0.210938 0.310417
1 0.499219 0.569792 0.210938 0.310417
1 0.499219 0.564583 0.210938 0.320833
1 0.499219 0.564583 0.210938 0.320833
1 0.499219 0.563542 0.210938 0.322917
1 0.498437 0.558333 0.221875 0.333333
1 0.498437 0.558333 0.221875 0.333333
1 0.495313 0.557292 0.240625 0.31875
1 0.495313 0.557292 0.240625 0.31875
1 0.48125 0.55625 0.271875 0.354167
1 0.48125 0.55625 0.271875 0.354167
1 0.48125 0.55625 0.271875 0.354167
1 0.475 0.582292 0.28125 0.38125
1 0.475 0.582292 0.28125 0.38125
1 0.482812 0.608333 0.284375 0.416667
1 0.482812 0.608333 0.284375 0.416667
1 0.504687 0.60625 0.303125 0.445833
1 0.504687 0.60625 0.303125 0.445833
1 0.5 0.629167 0.315625 0.441667
1 0.5 0.629167 0.315625 0.441667
1 0.4875 0.65 0.328125 0.454167
1 0.4875 0.65 0.328125 0.454167
1 0.464844 0.661458 0.351562 0.49375
1 0.464844 0.661458 0.351562 0.49375
1 0.464844 0.661458 0.351562 0.49375
1 0.455469 0.670833 0.373437 0.508333
1 0.454688 0.686458 0.396875 0.527083
1 0.454688 0.686458 0.396875 0.527083
1 0.442969 0.702083 0.392188 0.595833
1 0.442969 0.702083 0.392188 0.595833
1 0.442969 0.702083 0.392188 0.595833
1 0.428125 0.716667 0.3875 0.566667
1 0.428125 0.716667 0.3875 0.566667
1 0.425 0.719792 0.40625 0.560417
1 0.425 0.719792 0.40625 0.560417
1 0.430469 0.716667 0.401563 0.566667
1 0.430469 0.716667 0.401563 0.566667
1 0.507031 0.714583 0.310937 0.570833
1 0.507031 0.714583 0.310937 0.570833
1 0.507031 0.715625 0.310937 0.56875
1 0.507031 0.715625 0.310937 0.56875
1 0.507031 0.715625 0.310937 0.56875
1 0.472656 0.705208 0.385938 0.589583
1 0.472656 0.705208 0.385938 0.589583
1 0.4625 0.7 0.39375 0.5625
1 0.4625 0.7 0.39375 0.5625
1 0.467187 0.692708 0.390625 0.560417
1 0.467187 0.692708 0.390625 0.560417
1 0.467187 0.692708 0.390625 0.560417
1 0.464063 0.684375 0.390625 0.55625
1 0.464063 0.684375 0.390625 0.55625
1 0.448438 0.691667 0.396875 0.5625
1 0.448438 0.691667 0.396875 0.5625
1 0.408594 0.695833 0.410937 0.608333
1 0.408594 0.695833 0.410937 0.608333
1 0.408594 0.695833 0.410937 0.608333
1 0.396875 0.695833 0.375 0.608333
1 0.396875 0.695833 0.375 0.608333
1 0.397656 0.7125 0.385938 0.575
1 0.397656 0.7125 0.385938 0.575
1 0.452344 0.717708 0.351562 0.54375
1 0.452344 0.717708 0.351562 0.54375
1 0.396094 0.708333 0.370313 0.583333
1 0.396094 0.708333 0.370313 0.583333
1 0.414844 0.719792 0.423438 0.560417
1 0.414844 0.719792 0.423438 0.560417
1 0.417188 0.719792 0.41875 0.560417
1 0.417188 0.719792 0.41875 0.560417
1 0.410156 0.719792 0.410937 0.560417
1 0.410156 0.719792 0.410937 0.560417
1 0.410156 0.719792 0.410937 0.560417
1 0.410156 0.719792 0.407813 0.552083
1 0.410156 0.719792 0.407813 0.552083
1 0.4125 0.71875 0.4 0.55
1 0.4125 0.71875 0.4 0.55
1 0.413281 0.717708 0.404687 0.539583
1 0.413281 0.717708 0.404687 0.539583
1 0.413281 0.717708 0.404687 0.539583
1 0.415625 0.70625 0.371875 0.5125
1 0.415625 0.70625 0.371875 0.5125
1 0.417188 0.713542 0.396875 0.539583
1 0.417188 0.713542 0.396875 0.539583
1 0.409375 0.728125 0.4 0.539583
1 0.409375 0.728125 0.4 0.539583
1 0.409375 0.728125 0.4 0.539583
1 0.411719 0.714583 0.395312 0.570833
1 0.411719 0.714583 0.395312 0.570833
1 0.421094 0.705208 0.385938 0.552083
1 0.421094 0.705208 0.385938 0.552083
1 0.41875 0.685417 0.36875 0.579167
1 0.41875 0.685417 0.36875 0.579167
1 0.432813 0.66875 0.334375 0.566667
1 0.432813 0.66875 0.334375 0.566667
1 0.457812 0.682292 0.371875 0.56875
1 0.457812 0.682292 0.371875 0.56875
1 0.467969 0.66875 0.370313 0.575
1 0.467969 0.66875 0.379687 0.583333
1 0.467969 0.66875 0.379687 0.583333
1 0.467969 0.66875 0.379687 0.583333
1 0.467969 0.66875 0.379687 0.583333
1 0.467969 0.66875 0.379687 0.583333
1 0.467969 0.66875 0.379687 0.583333
1 0.461719 0.689583 0.373437 0.5875
1 0.461719 0.689583 0.373437 0.5875
1 0.461719 0.689583 0.373437 0.5875
1 0.461719 0.689583 0.373437 0.5875
1 0.467187 0.689583 0.378125 0.5875
1 0.467187 0.689583 0.378125 0.5875
1 0.467187 0.689583 0.378125 0.5875
1 0.467187 0.689583 0.378125 0.5875
1 0.467187 0.689583 0.378125 0.5875
1 0.467187 0.689583 0.378125 0.5875
1 0.469531 0.694792 0.382812 0.56875
1 0.469531 0.694792 0.382812 0.56875
1 0.469531 0.694792 0.382812 0.56875
1 0.469531 0.694792 0.382812 0.56875
1 0.469531 0.694792 0.382812 0.56875
1 0.460156 0.695833 0.354688 0.583333
1 0.460156 0.695833 0.354688 0.583333
1 0.460156 0.695833 0.354688 0.583333
1 0.460156 0.695833 0.354688 0.583333
1 0.460156 0.695833 0.354688 0.583333
1 0.469531 0.680208 0.379687 0.58125
1 0.469531 0.680208 0.379687 0.58125
1 0.469531 0.680208 0.379687 0.58125
1 0.469531 0.680208 0.379687 0.58125
1 0.461719 0.679167 0.389062 0.583333
1 0.461719 0.679167 0.389062 0.583333
1 0.461719 0.679167 0.389062 0.583333
1 0.461719 0.679167 0.389062 0.583333
1 0.461719 0.679167 0.389062 0.583333
1 0.432031 0.667708 0.339063 0.597917
