1 0.1778846153846154 0.28365384615384615 0.020432692307692308 0.039663461538461536
2 0.2824519230769231 0.29447115384615385 0.025240384615384616 0.051682692307692304
2 0.3401442307692308 0.2860576923076923 0.030048076923076924 0.051682692307692304
1 0.3870192307692308 0.33052884615384615 0.039663461538461536 0.06850961538461539
1 0.47475961538461536 0.2800480769230769 0.04447115384615385 0.08774038461538461
2 0.4891826923076923 0.3016826923076923 0.018028846153846152 0.051682692307692304
1 0.5396634615384616 0.30649038461538464 0.039663461538461536 0.07572115384615384
2 0.5721153846153846 0.33774038461538464 0.020432692307692308 0.04447115384615385
1 0.6009615384615384 0.34375 0.037259615384615384 0.06370192307692307
1 0.7307692307692307 0.3581730769230769 0.042067307692307696 0.06850961538461539
2 0.9230769230769231 0.2980769230769231 0.014423076923076924 0.07572115384615384