1 0.20552884615384615 0.15504807692307693 0.055288461538461536 0.07692307692307693
1 0.28725961538461536 0.38221153846153844 0.04447115384615385 0.06610576923076923
1 0.4639423076923077 0.20552884615384615 0.04807692307692308 0.06971153846153846
1 0.9110576923076923 0.19591346153846154 0.042067307692307696 0.06610576923076923
1 0.6887019230769231 0.21754807692307693 0.037259615384615384 0.054086538461538464
1 0.6069711538461539 0.1971153846153846 0.03485576923076923 0.046875
1 0.5637019230769231 0.2283653846153846 0.027644230769230768 0.046875
1 0.07572115384615384 0.18990384615384615 0.027644230769230768 0.038461538461538464
1 0.28966346153846156 0.14903846153846154 0.025240384615384616 0.042067307692307696
1 0.33774038461538464 0.18028846153846154 0.020432692307692308 0.03485576923076923
1 0.3870192307692308 0.18629807692307693 0.020432692307692308 0.03125
1 0.9711538461538461 0.19951923076923078 0.018028846153846152 0.027644230769230768