2 0.14903846153846154 0.8401442307692307 0.11778846153846154 0.2127403846153846
2 0.06370192307692307 0.5865384615384616 0.10216346153846154 0.14182692307692307
1 0.04326923076923077 0.3870192307692308 0.0829326923076923 0.09735576923076923
1 0.13942307692307693 0.36899038461538464 0.09014423076923077 0.16947115384615385
1 0.20793269230769232 0.3449519230769231 0.039663461538461536 0.08413461538461539
2 0.27403846153846156 0.4110576923076923 0.09254807692307693 0.17307692307692307
1 0.34375 0.6778846153846154 0.11298076923076923 0.19110576923076922
1 0.4423076923076923 0.6466346153846154 0.08533653846153846 0.1466346153846154
1 0.5865384615384616 0.6382211538461539 0.13221153846153846 0.22716346153846154
1 0.4963942307692308 0.4423076923076923 0.042067307692307696 0.1466346153846154
2 0.35697115384615385 0.3605769230769231 0.06490384615384616 0.13341346153846154
0 0.4519230769230769 0.3112980769230769 0.06971153846153846 0.125
2 0.5817307692307693 0.2800480769230769 0.0625 0.11538461538461539
2 0.21033653846153846 0.18269230769230768 0.055288461538461536 0.09735576923076923
1 0.17307692307692307 0.20192307692307693 0.03485576923076923 0.08413461538461539
1 0.12139423076923077 0.13581730769230768 0.042067307692307696 0.07572115384615384
1 0.028846153846153848 0.20673076923076922 0.057692307692307696 0.1201923076923077
0 0.07211538461538461 0.19831730769230768 0.03485576923076923 0.07572115384615384
1 0.1935096153846154 0.042067307692307696 0.027644230769230768 0.04927884615384615
1 0.2439903846153846 0.11778846153846154 0.02283653846153846 0.04927884615384615
1 0.2620192307692308 0.18870192307692307 0.04447115384615385 0.08413461538461539
1 0.4098557692307692 0.3173076923076923 0.039663461538461536 0.10216346153846154
1 0.3786057692307692 0.2127403846153846 0.037259615384615384 0.0625
1 0.33413461538461536 0.1622596153846154 0.037259615384615384 0.057692307692307696
1 0.3762019230769231 0.15384615384615385 0.042067307692307696 0.057692307692307696
1 0.3329326923076923 0.052884615384615384 0.025240384615384616 0.052884615384615384
1 0.29086538461538464 0.06009615384615385 0.01201923076923077 0.039663461538461536
1 0.3942307692307692 0.078125 0.02283653846153846 0.04927884615384615
1 0.4098557692307692 0.11298076923076923 0.030048076923076924 0.04927884615384615
2 0.47836538461538464 0.12259615384615384 0.037259615384615384 0.07572115384615384
1 0.5108173076923077 0.20673076923076922 0.042067307692307696 0.09375
1 0.5036057692307693 0.2776442307692308 0.042067307692307696 0.08413461538461539
1 0.5168269230769231 0.04927884615384615 0.01201923076923077 0.052884615384615384
1 0.5769230769230769 0.057692307692307696 0.020432692307692308 0.04447115384615385
1 0.6358173076923077 0.039663461538461536 0.027644230769230768 0.052884615384615384
0 0.6550480769230769 0.16706730769230768 0.04447115384615385 0.07572115384615384
2 0.625 0.2692307692307692 0.025240384615384616 0.09375
1 0.6790865384615384 0.375 0.0625 0.10216346153846154
1 0.6862980769230769 0.1778846153846154 0.027644230769230768 0.07091346153846154
2 0.6971153846153846 0.057692307692307696 0.020432692307692308 0.04447115384615385
1 0.6814903846153846 0.5216346153846154 0.027644230769230768 0.07572115384615384
1 0.7475961538461539 0.5757211538461539 0.08052884615384616 0.17307692307692307
1 0.8161057692307693 0.7728365384615384 0.12259615384615384 0.24879807692307693
1 0.8473557692307693 0.2800480769230769 0.06009615384615385 0.11538461538461539
2 0.9555288461538461 0.3173076923076923 0.025240384615384616 0.10216346153846154
1 0.8954326923076923 0.25961538461538464 0.03485576923076923 0.10216346153846154
1 0.7391826923076923 0.3581730769230769 0.052884615384615384 0.07572115384615384
1 0.7956730769230769 0.21153846153846154 0.04807692307692308 0.08413461538461539
1 0.7800480769230769 0.11057692307692307 0.04447115384615385 0.0889423076923077
0 0.8269230769230769 0.08653846153846154 0.030048076923076924 0.08413461538461539
1 0.9122596153846154 0.12620192307692307 0.020432692307692308 0.057692307692307696