1 0.7139423076923077 0.3762019230769231 0.0673076923076923 0.10817307692307693
1 0.8846153846153846 0.27283653846153844 0.055288461538461536 0.1045673076923077
1 0.6442307692307693 0.2439903846153846 0.0625 0.1201923076923077
1 0.3918269230769231 0.4266826923076923 0.057692307692307696 0.0829326923076923
1 0.43149038461538464 0.3389423076923077 0.052884615384615384 0.08653846153846154
1 0.040865384615384616 0.3701923076923077 0.08173076923076923 0.23076923076923078
1 0.33052884615384615 0.35216346153846156 0.04447115384615385 0.0673076923076923
1 0.2692307692307692 0.32211538461538464 0.052884615384615384 0.0673076923076923
1 0.09375 0.3161057692307692 0.037259615384615384 0.056490384615384616
1 0.1971153846153846 0.3125 0.039663461538461536 0.04927884615384615
1 0.15264423076923078 0.2848557692307692 0.020432692307692308 0.037259615384615384
1 0.5108173076923077 0.28125 0.027644230769230768 0.04447115384615385