1 0.03245192307692308 0.17548076923076922 0.025240384615384616 0.06610576923076923
1 0.0829326923076923 0.109375 0.025240384615384616 0.056490384615384616
1 0.11658653846153846 0.20432692307692307 0.027644230769230768 0.056490384615384616
1 0.20192307692307693 0.18269230769230768 0.03485576923076923 0.07091346153846154
1 0.2668269230769231 0.2127403846153846 0.052884615384615384 0.08533653846153846
1 0.31009615384615385 0.11899038461538461 0.030048076923076924 0.07572115384615384
1 0.36538461538461536 0.11899038461538461 0.025240384615384616 0.056490384615384616
1 0.5228365384615384 0.20673076923076922 0.039663461538461536 0.09014423076923077
1 0.6009615384615384 0.17548076923076922 0.037259615384615384 0.09495192307692307
1 0.7151442307692307 0.17548076923076922 0.055288461538461536 0.1141826923076923
1 0.8040865384615384 0.19230769230769232 0.04807692307692308 0.09975961538461539
1 0.8942307692307693 0.15625 0.037259615384615384 0.06610576923076923
2 0.9074519230769231 0.45552884615384615 0.030048076923076924 0.07572115384615384