1 0.0829326923076923 0.31490384615384615 0.04447115384615385 0.07451923076923077
1 0.1466346153846154 0.28125 0.037259615384615384 0.06009615384615385
1 0.1971153846153846 0.24879807692307693 0.030048076923076924 0.04927884615384615
1 0.2668269230769231 0.3245192307692308 0.04807692307692308 0.07091346153846154
1 0.4182692307692308 0.3125 0.04807692307692308 0.07091346153846154
1 0.5060096153846154 0.24519230769230768 0.0829326923076923 0.1310096153846154
1 0.6033653846153846 0.23798076923076922 0.042067307692307696 0.08653846153846154
1 0.6947115384615384 0.32211538461538464 0.030048076923076924 0.04447115384615385
1 0.7608173076923077 0.2776442307692308 0.042067307692307696 0.07451923076923077
1 0.8521634615384616 0.3293269230769231 0.03485576923076923 0.06009615384615385
1 0.9375 0.3016826923076923 0.03485576923076923 0.06370192307692307
1 0.9699519230769231 0.28966346153846156 0.020432692307692308 0.04927884615384615
1 0.27884615384615385 0.23557692307692307 0.027644230769230768 0.037259615384615384