1 0.021634615384615384 0.4891826923076923 0.042067307692307696 0.078125
1 0.08774038461538461 0.45072115384615385 0.04447115384615385 0.07091346153846154
1 0.19110576923076922 0.45072115384615385 0.04807692307692308 0.07091346153846154
1 0.2860576923076923 0.4254807692307692 0.042067307692307696 0.06370192307692307
1 0.3473557692307692 0.44591346153846156 0.04447115384615385 0.0829326923076923
1 0.48197115384615385 0.4639423076923077 0.04447115384615385 0.07451923076923077
1 0.5036057692307693 0.4254807692307692 0.027644230769230768 0.08653846153846154
1 0.6129807692307693 0.4362980769230769 0.025240384615384616 0.04927884615384615
1 0.6911057692307693 0.328125 0.052884615384615384 0.09375
1 0.8701923076923077 0.35216346153846156 0.06009615384615385 0.09014423076923077
1 0.9903846153846154 0.3786057692307692 0.014423076923076924 0.07451923076923077
1 0.9266826923076923 0.37259615384615385 0.04807692307692308 0.078125
2 0.6370192307692307 0.44350961538461536 0.03485576923076923 0.07091346153846154
2 0.40384615384615385 0.49038461538461536 0.042067307692307696 0.07451923076923077
2 0.25841346153846156 0.46875 0.04807692307692308 0.0829326923076923