1 0.027644230769230768 0.27283653846153844 0.039663461538461536 0.07692307692307693
1 0.13701923076923078 0.2848557692307692 0.03485576923076923 0.07211538461538461
1 0.2283653846153846 0.29447115384615385 0.037259615384615384 0.07211538461538461
1 0.2764423076923077 0.20072115384615385 0.03245192307692308 0.07692307692307693
1 0.3329326923076923 0.24158653846153846 0.03485576923076923 0.08173076923076923
1 0.4387019230769231 0.2704326923076923 0.037259615384615384 0.08173076923076923
1 0.5649038461538461 0.25841346153846156 0.03485576923076923 0.07692307692307693
1 0.6514423076923077 0.30649038461538464 0.03245192307692308 0.0673076923076923
1 0.7427884615384616 0.29927884615384615 0.03485576923076923 0.07211538461538461
1 0.8365384615384616 0.34975961538461536 0.042067307692307696 0.0673076923076923
1 0.9519230769230769 0.3137019230769231 0.04447115384615385 0.08173076923076923