1 0.8677884615384616 0.046875 0.014423076923076924 0.021634615384615384
1 0.9074519230769231 0.19831730769230768 0.020432692307692308 0.028846153846153848
2 0.8557692307692307 0.28725961538461536 0.02283653846153846 0.036057692307692304
1 0.8665865384615384 0.36899038461538464 0.027644230769230768 0.039663461538461536
1 0.8185096153846154 0.3762019230769231 0.018028846153846152 0.039663461538461536
1 0.9795673076923077 0.4807692307692308 0.025240384615384616 0.039663461538461536
1 0.9254807692307693 0.46274038461538464 0.025240384615384616 0.03245192307692308
1 0.8653846153846154 0.4735576923076923 0.030048076923076924 0.039663461538461536
2 0.8834134615384616 0.5697115384615384 0.027644230769230768 0.039663461538461536
1 0.9206730769230769 0.703125 0.027644230769230768 0.03245192307692308
2 0.8365384615384616 0.6310096153846154 0.02283653846153846 0.039663461538461536
1 0.6334134615384616 0.015625 0.018028846153846152 0.025240384615384616
1 0.6442307692307693 0.055288461538461536 0.02283653846153846 0.03245192307692308
1 0.6802884615384616 0.09134615384615384 0.014423076923076924 0.025240384615384616
1 0.6947115384615384 0.11899038461538461 0.014423076923076924 0.028846153846153848
1 0.7295673076923077 0.14783653846153846 0.020432692307692308 0.028846153846153848
1 0.7512019230769231 0.23798076923076922 0.018028846153846152 0.021634615384615384
2 0.7836538461538461 0.24879807692307693 0.018028846153846152 0.021634615384615384
1 0.7740384615384616 0.2824519230769231 0.018028846153846152 0.025240384615384616
2 0.7295673076923077 0.28725961538461536 0.020432692307692308 0.028846153846153848
1 0.7319711538461539 0.4014423076923077 0.020432692307692308 0.03245192307692308
2 0.7115384615384616 0.4495192307692308 0.018028846153846152 0.028846153846153848
0 0.7067307692307693 0.5612980769230769 0.027644230769230768 0.04326923076923077
1 0.7355769230769231 0.6117788461538461 0.030048076923076924 0.04326923076923077
1 0.6706730769230769 0.7764423076923077 0.03245192307692308 0.05048076923076923
1 0.7512019230769231 0.9483173076923077 0.037259615384615384 0.054086538461538464
1 0.5420673076923077 0.015625 0.009615384615384616 0.018028846153846152
1 0.5769230769230769 0.055288461538461536 0.014423076923076924 0.025240384615384616
1 0.6033653846153846 0.06850961538461539 0.018028846153846152 0.021634615384615384
2 0.59375 0.11658653846153846 0.01201923076923077 0.025240384615384616
1 0.5649038461538461 0.10576923076923077 0.020432692307692308 0.03245192307692308
1 0.6706730769230769 0.20673076923076922 0.018028846153846152 0.025240384615384616
1 0.5985576923076923 0.20552884615384615 0.018028846153846152 0.028846153846153848
2 0.6502403846153846 0.23918269230769232 0.020432692307692308 0.03245192307692308
2 0.6959134615384616 0.2692307692307692 0.018028846153846152 0.028846153846153848
1 0.6286057692307693 0.2932692307692308 0.02283653846153846 0.03245192307692308
1 0.6538461538461539 0.36899038461538464 0.02283653846153846 0.025240384615384616
1 0.5420673076923077 0.32572115384615385 0.020432692307692308 0.03245192307692308
1 0.5745192307692307 0.3701923076923077 0.025240384615384616 0.028846153846153848
1 0.6394230769230769 0.46033653846153844 0.020432692307692308 0.036057692307692304
1 0.5637019230769231 0.43149038461538464 0.02283653846153846 0.036057692307692304
1 0.6201923076923077 0.6225961538461539 0.025240384615384616 0.04326923076923077
1 0.6153846153846154 0.6983173076923077 0.025240384615384616 0.04326923076923077
1 0.5865384615384616 0.7103365384615384 0.027644230769230768 0.046875
1 0.5841346153846154 0.9375 0.037259615384615384 0.054086538461538464
1 0.5336538461538461 0.7908653846153846 0.018028846153846152 0.036057692307692304
1 0.5264423076923077 0.5877403846153846 0.027644230769230768 0.039663461538461536
1 0.5408653846153846 0.546875 0.027644230769230768 0.028846153846153848
1 0.5192307692307693 0.06850961538461539 0.01201923076923077 0.021634615384615384
1 0.45072115384615385 0.03245192307692308 0.01201923076923077 0.021634615384615384
1 0.48677884615384615 0.07692307692307693 0.01201923076923077 0.010817307692307692
1 0.4567307692307692 0.10576923076923077 0.018028846153846152 0.025240384615384616
1 0.4230769230769231 0.0625 0.014423076923076924 0.025240384615384616
1 0.4987980769230769 0.140625 0.018028846153846152 0.028846153846153848
1 0.46274038461538464 0.19951923076923078 0.009615384615384616 0.018028846153846152
1 0.4891826923076923 0.23918269230769232 0.02283653846153846 0.025240384615384616
1 0.43509615384615385 0.2980769230769231 0.020432692307692308 0.028846153846153848
1 0.5096153846153846 0.3629807692307692 0.020432692307692308 0.036057692307692304
1 0.43990384615384615 0.3485576923076923 0.020432692307692308 0.028846153846153848
1 0.45913461538461536 0.3762019230769231 0.02283653846153846 0.039663461538461536
1 0.5 0.45552884615384615 0.020432692307692308 0.03245192307692308
1 0.36899038461538464 0.009615384615384616 0.016826923076923076 0.019230769230769232
1 0.3545673076923077 0.08774038461538461 0.014423076923076924 0.025240384615384616
1 0.3293269230769231 0.06850961538461539 0.01201923076923077 0.021634615384615384
1 0.30288461538461536 0.08653846153846154 0.009615384615384616 0.021634615384615384
1 0.2920673076923077 0.09134615384615384 0.014423076923076924 0.025240384615384616
2 0.31850961538461536 0.13701923076923078 0.01201923076923077 0.021634615384615384
1 0.25961538461538464 0.10817307692307693 0.014423076923076924 0.028846153846153848
2 0.25721153846153844 0.14182692307692307 0.014423076923076924 0.025240384615384616
1 0.2860576923076923 0.203125 0.018028846153846152 0.025240384615384616
2 0.35096153846153844 0.16947115384615385 0.018028846153846152 0.021634615384615384
0 0.37259615384615385 0.1875 0.020432692307692308 0.028846153846153848
1 0.3605769230769231 0.296875 0.020432692307692308 0.025240384615384616
1 0.3918269230769231 0.3942307692307692 0.02283653846153846 0.03245192307692308
1 0.3245192307692308 0.38461538461538464 0.020432692307692308 0.028846153846153848
1 0.39903846153846156 0.5228365384615384 0.027644230769230768 0.03245192307692308
1 0.3918269230769231 0.7608173076923077 0.03245192307692308 0.046875
1 0.44711538461538464 0.8701923076923077 0.03485576923076923 0.05048076923076923
1 0.3485576923076923 0.8293269230769231 0.03245192307692308 0.046875
1 0.2283653846153846 0.010817307692307692 0.018028846153846152 0.021634615384615384
1 0.17548076923076922 0.07572115384615384 0.014423076923076924 0.028846153846153848
2 0.15625 0.09014423076923077 0.01201923076923077 0.021634615384615384
1 0.17427884615384615 0.14182692307692307 0.01201923076923077 0.025240384615384616
1 0.16826923076923078 0.17067307692307693 0.018028846153846152 0.025240384615384616
1 0.21995192307692307 0.23918269230769232 0.020432692307692308 0.03245192307692308
1 0.17668269230769232 0.30528846153846156 0.018028846153846152 0.028846153846153848
1 0.29927884615384615 0.42427884615384615 0.02283653846153846 0.036057692307692304
1 0.26322115384615385 0.4014423076923077 0.02283653846153846 0.03245192307692308
1 0.2776442307692308 0.46274038461538464 0.025240384615384616 0.03245192307692308
1 0.2692307692307692 0.5372596153846154 0.02283653846153846 0.039663461538461536
1 0.2956730769230769 0.5540865384615384 0.027644230769230768 0.04326923076923077
1 0.23798076923076922 0.9158653846153846 0.03485576923076923 0.054086538461538464
1 0.09254807692307693 0.9771634615384616 0.039663461538461536 0.039663461538461536
1 0.028846153846153848 0.9819711538461539 0.037259615384615384 0.028846153846153848
1 0.08653846153846154 0.8052884615384616 0.03245192307692308 0.04326923076923077
1 0.054086538461538464 0.7836538461538461 0.027644230769230768 0.05048076923076923
1 0.051682692307692304 0.6045673076923077 0.027644230769230768 0.04326923076923077
1 0.051682692307692304 0.5336538461538461 0.027644230769230768 0.039663461538461536
1 0.002403846153846154 0.4891826923076923 0.004807692307692308 0.036057692307692304
1 0.09735576923076923 0.47716346153846156 0.020432692307692308 0.018028846153846152
1 0.08173076923076923 0.43509615384615385 0.02283653846153846 0.036057692307692304
1 0.1141826923076923 0.3737980769230769 0.02283653846153846 0.036057692307692304
1 0.06971153846153846 0.31971153846153844 0.020432692307692308 0.036057692307692304
1 0.12379807692307693 0.32211538461538464 0.02283653846153846 0.03245192307692308
1 0.14423076923076922 0.2824519230769231 0.018028846153846152 0.03245192307692308
1 0.08653846153846154 0.27283653846153844 0.01201923076923077 0.021634615384615384
1 0.13942307692307693 0.22355769230769232 0.020432692307692308 0.028846153846153848
1 0.125 0.16706730769230768 0.014423076923076924 0.025240384615384616
1 0.03365384615384615 0.1814903846153846 0.01201923076923077 0.025240384615384616
1 0.01201923076923077 0.10576923076923077 0.014423076923076924 0.025240384615384616
1 0.09975961538461539 0.07211538461538461 0.014423076923076924 0.021634615384615384
1 0.12620192307692307 0.040865384615384616 0.01201923076923077 0.025240384615384616
1 0.06490384615384616 0.051682692307692304 0.014423076923076924 0.018028846153846152
2 0.037259615384615384 0.028846153846153848 0.009615384615384616 0.021634615384615384
2 0.003605769230769231 0.06971153846153846 0.007211538461538462 0.018028846153846152