1 0.9543269230769231 0.9471153846153846 0.07211538461538461 0.0889423076923077
1 0.875 0.8497596153846154 0.06971153846153846 0.13221153846153846
0 0.8305288461538461 0.7632211538461539 0.055288461538461536 0.11899038461538461
2 0.9026442307692307 0.47596153846153844 0.05048076923076923 0.09254807692307693
1 0.7319711538461539 0.49759615384615385 0.05048076923076923 0.11057692307692307
1 0.7367788461538461 0.21875 0.057692307692307696 0.09254807692307693
1 0.9122596153846154 0.3233173076923077 0.04447115384615385 0.10576923076923077
1 0.9735576923076923 0.27884615384615385 0.03245192307692308 0.0889423076923077
1 0.4338942307692308 0.9002403846153846 0.07211538461538461 0.12860576923076922
1 0.47716346153846156 0.8052884615384616 0.06490384615384616 0.09735576923076923
1 0.49759615384615385 0.4110576923076923 0.06009615384615385 0.10576923076923077
1 0.5132211538461539 0.21875 0.0625 0.09254807692307693
1 0.5084134615384616 0.06370192307692307 0.057692307692307696 0.07572115384615384
1 0.33533653846153844 0.21875 0.055288461538461536 0.11057692307692307
1 0.3545673076923077 0.484375 0.055288461538461536 0.10216346153846154
1 0.24759615384615385 0.21634615384615385 0.06009615384615385 0.11538461538461539
1 0.17427884615384615 0.13701923076923078 0.057692307692307696 0.0889423076923077
1 0.10096153846153846 0.3161057692307692 0.0673076923076923 0.10216346153846154
1 0.0625 0.6790865384615384 0.06490384615384616 0.10216346153846154