0 0.8882211538461539 0.23557692307692307 0.11298076923076923 0.1778846153846154
2 0.7596153846153846 0.11658653846153846 0.06490384615384616 0.0829326923076923
1 0.6394230769230769 0.20552884615384615 0.04447115384615385 0.08653846153846154
1 0.5829326923076923 0.34375 0.08052884615384616 0.12860576923076922
1 0.7391826923076923 0.7487980769230769 0.20793269230769232 0.30528846153846156
1 0.43509615384615385 0.6850961538461539 0.19471153846153846 0.30528846153846156
1 0.3762019230769231 0.39783653846153844 0.09735576923076923 0.1622596153846154
1 0.49759615384615385 0.24879807692307693 0.06971153846153846 0.11298076923076923
2 0.16346153846153846 0.23798076923076922 0.0829326923076923 0.12860576923076922
1 0.05048076923076923 0.13942307692307693 0.09014423076923077 0.11298076923076923
1 0.038461538461538464 0.28725961538461536 0.07692307692307693 0.14302884615384615
1 0.20673076923076922 0.5528846153846154 0.11298076923076923 0.18509615384615385