1 0.10817307692307693 0.5612980769230769 0.11298076923076923 0.171875
1 0.20432692307692307 0.8149038461538461 0.12259615384615384 0.19831730769230768
1 0.31490384615384615 0.4723557692307692 0.06490384615384616 0.1045673076923077
1 0.23798076923076922 0.47596153846153844 0.05048076923076923 0.0673076923076923
1 0.30408653846153844 0.3449519230769231 0.04807692307692308 0.07451923076923077
1 0.4170673076923077 0.3762019230769231 0.04447115384615385 0.09375
1 0.3798076923076923 0.3425480769230769 0.030048076923076924 0.04927884615384615
1 0.47716346153846156 0.49759615384615385 0.06971153846153846 0.1201923076923077
1 0.6213942307692307 0.3894230769230769 0.0673076923076923 0.1201923076923077
1 0.7728365384615384 0.34615384615384615 0.05048076923076923 0.09375
1 0.7608173076923077 0.5973557692307693 0.09254807692307693 0.13822115384615385
1 0.8581730769230769 0.8834134615384616 0.14783653846153846 0.20192307692307693
1 0.8894230769230769 0.3762019230769231 0.039663461538461536 0.07091346153846154
1 0.9507211538461539 0.453125 0.04807692307692308 0.0673076923076923
1 0.9579326923076923 0.7115384615384616 0.08052884615384616 0.21754807692307693
1 0.6862980769230769 0.4170673076923077 0.042067307692307696 0.07091346153846154
1 0.9543269230769231 0.35216346153846156 0.037259615384615384 0.04447115384615385