2 0.13581730769230768 0.17067307692307693 0.0673076923076923 0.11057692307692307
2 0.3425480769230769 0.051682692307692304 0.030048076923076924 0.06610576923076923
2 0.49278846153846156 0.07091346153846154 0.03485576923076923 0.07091346153846154
1 0.5336538461538461 0.11298076923076923 0.052884615384615384 0.11057692307692307
2 0.38221153846153844 0.1935096153846154 0.06009615384615385 0.09375
1 0.36177884615384615 0.3485576923076923 0.07692307692307693 0.1466346153846154
2 0.19831730769230768 0.3641826923076923 0.0625 0.07091346153846154
0 0.12139423076923077 0.7980769230769231 0.0673076923076923 0.1201923076923077
0 0.3076923076923077 0.47596153846153844 0.07451923076923077 0.15144230769230768
0 0.47475961538461536 0.43509615384615385 0.11057692307692307 0.19591346153846154
2 0.6262019230769231 0.21754807692307693 0.042067307692307696 0.08052884615384616
1 0.6694711538461539 0.2536057692307692 0.06490384615384616 0.125
1 0.8629807692307693 0.2644230769230769 0.09495192307692307 0.17307692307692307
1 0.7139423076923077 0.6935096153846154 0.11778846153846154 0.22235576923076922