1 0.9735576923076923 0.24519230769230768 0.03245192307692308 0.06610576923076923
1 0.8629807692307693 0.10817307692307693 0.06009615384615385 0.12860576923076922
1 0.7367788461538461 0.3233173076923077 0.02283653846153846 0.07091346153846154
0 0.6237980769230769 0.32572115384615385 0.027644230769230768 0.057692307692307696
1 0.5889423076923077 0.14783653846153846 0.03245192307692308 0.09254807692307693
1 0.4795673076923077 0.1658653846153846 0.025240384615384616 0.08413461538461539
1 0.49158653846153844 0.2283653846153846 0.027644230769230768 0.06610576923076923
1 0.3401442307692308 0.22596153846153846 0.03485576923076923 0.07091346153846154
1 0.29086538461538464 0.234375 0.03245192307692308 0.07091346153846154
1 0.22596153846153846 0.296875 0.018028846153846152 0.04447115384615385
1 0.17908653846153846 0.24278846153846154 0.037259615384615384 0.07091346153846154
1 0.1045673076923077 0.2704326923076923 0.030048076923076924 0.0625
1 0.06971153846153846 0.27163461538461536 0.025240384615384616 0.06610576923076923