1 0.04447115384615385 0.484375 0.020432692307692308 0.04567307692307692
1 0.13221153846153846 0.5456730769230769 0.03485576923076923 0.06971153846153846
1 0.1814903846153846 0.5252403846153846 0.057692307692307696 0.1201923076923077
1 0.2283653846153846 0.5 0.03245192307692308 0.06971153846153846
1 0.31971153846153844 0.6754807692307693 0.06009615384615385 0.10576923076923077
1 0.04567307692307692 0.4170673076923077 0.01201923076923077 0.02283653846153846
1 0.09254807692307693 0.41466346153846156 0.014423076923076924 0.027644230769230768
1 0.11658653846153846 0.42427884615384615 0.02283653846153846 0.037259615384615384
1 0.13822115384615385 0.421875 0.018028846153846152 0.03245192307692308
1 0.29447115384615385 0.43028846153846156 0.025240384615384616 0.05048076923076923
1 0.31850961538461536 0.4495192307692308 0.018028846153846152 0.03245192307692308
1 0.33413461538461536 0.5096153846153846 0.027644230769230768 0.042067307692307696
1 0.35697115384615385 0.4074519230769231 0.014423076923076924 0.03245192307692308
1 0.4411057692307692 0.4723557692307692 0.027644230769230768 0.042067307692307696
1 0.41947115384615385 0.6430288461538461 0.030048076923076924 0.05048076923076923
1 0.4951923076923077 0.46274038461538464 0.020432692307692308 0.06009615384615385
1 0.5360576923076923 0.49759615384615385 0.03245192307692308 0.06490384615384616
1 0.5240384615384616 0.6201923076923077 0.042067307692307696 0.13341346153846154
1 0.4639423076923077 0.3737980769230769 0.018028846153846152 0.037259615384615384
1 0.4206730769230769 0.37740384615384615 0.02283653846153846 0.037259615384615384
1 0.6418269230769231 0.5024038461538461 0.042067307692307696 0.06490384615384616
1 0.5757211538461539 0.4326923076923077 0.02283653846153846 0.037259615384615384
1 0.6778846153846154 0.36658653846153844 0.014423076923076924 0.03245192307692308
1 0.6646634615384616 0.3269230769230769 0.014423076923076924 0.027644230769230768
1 0.7776442307692307 0.6911057692307693 0.12980769230769232 0.24879807692307693
1 0.9603365384615384 0.41466346153846156 0.039663461538461536 0.09254807692307693
1 0.8725961538461539 0.4495192307692308 0.025240384615384616 0.05048076923076923
1 0.0733173076923077 0.5949519230769231 0.018028846153846152 0.037259615384615384
1 0.0625 0.4098557692307692 0.014423076923076924 0.027644230769230768