1 0.08173076923076923 0.21875 0.052884615384615384 0.09254807692307693
1 0.1658653846153846 0.2764423076923077 0.042067307692307696 0.08413461538461539
1 0.2980769230769231 0.1814903846153846 0.030048076923076924 0.0625
1 0.34975961538461536 0.25721153846153844 0.055288461538461536 0.10576923076923077
1 0.36538461538461536 0.1814903846153846 0.03485576923076923 0.0625
1 0.4050480769230769 0.23197115384615385 0.039663461538461536 0.08413461538461539
1 0.44711538461538464 0.46634615384615385 0.055288461538461536 0.09254807692307693
1 0.47475961538461536 0.22596153846153846 0.030048076923076924 0.0625
1 0.5276442307692307 0.21875 0.030048076923076924 0.07572115384615384
1 0.5612980769230769 0.22956730769230768 0.042067307692307696 0.0889423076923077
1 0.6117788461538461 0.2608173076923077 0.037259615384615384 0.07091346153846154
1 0.6514423076923077 0.3004807692307692 0.04807692307692308 0.0889423076923077
1 0.7103365384615384 0.31850961538461536 0.055288461538461536 0.09735576923076923
1 0.7620192307692307 0.20793269230769232 0.039663461538461536 0.07932692307692307
2 0.8064903846153846 0.21033653846153846 0.037259615384615384 0.057692307692307696
1 0.8810096153846154 0.18629807692307693 0.042067307692307696 0.0889423076923077
1 0.9387019230769231 0.21033653846153846 0.042067307692307696 0.09254807692307693
1 0.8389423076923077 0.20793269230769232 0.02283653846153846 0.052884615384615384