1 0.34615384615384615 0.7764423076923077 0.11298076923076923 0.20793269230769232
1 0.5288461538461539 0.1310096153846154 0.042067307692307696 0.09254807692307693
2 0.7331730769230769 0.12139423076923077 0.0625 0.10216346153846154
1 0.6310096153846154 0.3762019230769231 0.052884615384615384 0.10576923076923077
2 0.28125 0.0625 0.018028846153846152 0.03485576923076923
2 0.33413461538461536 0.07572115384615384 0.018028846153846152 0.03485576923076923
2 0.4230769230769231 0.046875 0.020432692307692308 0.03125
1 0.8161057692307693 0.18389423076923078 0.027644230769230768 0.039663461538461536
1 0.6814903846153846 0.0625 0.02283653846153846 0.04447115384615385
2 0.5889423076923077 0.04447115384615385 0.018028846153846152 0.04447115384615385
2 0.6165865384615384 0.013221153846153846 0.01201923076923077 0.026442307692307692
1 0.3713942307692308 0.11298076923076923 0.02283653846153846 0.04807692307692308
1 0.36899038461538464 0.17908653846153846 0.037259615384615384 0.10216346153846154