1 0.08052884615384616 0.2439903846153846 0.03485576923076923 0.06009615384615385
1 0.16947115384615385 0.24879807692307693 0.039663461538461536 0.07091346153846154
2 0.22115384615384615 0.1971153846153846 0.027644230769230768 0.040865384615384616
2 0.25240384615384615 0.15504807692307693 0.039663461538461536 0.056490384615384616
2 0.35216346153846156 0.19230769230769232 0.04447115384615385 0.06370192307692307
1 0.5012019230769231 0.234375 0.052884615384615384 0.09375
0 0.5336538461538461 0.1778846153846154 0.02283653846153846 0.056490384615384616
2 0.5961538461538461 0.17548076923076922 0.042067307692307696 0.0673076923076923
0 0.6574519230769231 0.16466346153846154 0.04447115384615385 0.0673076923076923
1 0.8209134615384616 0.14423076923076922 0.057692307692307696 0.10096153846153846
1 0.7487980769230769 0.12379807692307693 0.027644230769230768 0.04447115384615385
1 0.7175480769230769 0.19230769230769232 0.025240384615384616 0.040865384615384616
2 0.057692307692307696 0.16466346153846154 0.030048076923076924 0.052884615384615384