1 0.021634615384615384 0.24519230769230768 0.03245192307692308 0.06610576923076923
1 0.13221153846153846 0.10817307692307693 0.06009615384615385 0.12860576923076922
1 0.25841346153846156 0.3233173076923077 0.02283653846153846 0.07091346153846154
0 0.3713942307692308 0.32572115384615385 0.027644230769230768 0.057692307692307696
1 0.40625 0.14783653846153846 0.03245192307692308 0.09254807692307693
1 0.5144230769230769 0.1658653846153846 0.025240384615384616 0.08413461538461539
1 0.5036057692307693 0.2283653846153846 0.027644230769230768 0.06610576923076923
1 0.6550480769230769 0.22596153846153846 0.03485576923076923 0.07091346153846154
1 0.7043269230769231 0.234375 0.03245192307692308 0.07091346153846154
1 0.7692307692307693 0.296875 0.018028846153846152 0.04447115384615385
1 0.8161057692307693 0.24278846153846154 0.037259615384615384 0.07091346153846154
1 0.8894230769230769 0.2704326923076923 0.030048076923076924 0.0625
1 0.9254807692307693 0.27163461538461536 0.025240384615384616 0.06610576923076923