1 0.2644230769230769 0.1045673076923077 0.025240384615384616 0.06370192307692307
1 0.23557692307692307 0.1466346153846154 0.039663461538461536 0.0673076923076923
1 0.1622596153846154 0.6310096153846154 0.08052884615384616 0.140625
1 0.33653846153846156 0.5204326923076923 0.0625 0.12620192307692307
1 0.4170673076923077 0.31009615384615385 0.055288461538461536 0.11298076923076923
1 0.40024038461538464 0.03125 0.020432692307692308 0.036057692307692304
1 0.4567307692307692 0.04927884615384615 0.018028846153846152 0.04567307692307692
1 0.5552884615384616 0.07932692307692307 0.030048076923076924 0.04927884615384615
1 0.5408653846153846 0.24879807692307693 0.052884615384615384 0.10817307692307693
1 0.5685096153846154 0.4230769230769231 0.0625 0.12259615384615384
1 0.6514423076923077 0.2439903846153846 0.057692307692307696 0.10817307692307693
2 0.7475961538461539 0.125 0.030048076923076924 0.05889423076923077
1 0.8100961538461539 0.15625 0.03485576923076923 0.07692307692307693
1 0.7860576923076923 0.04567307692307692 0.027644230769230768 0.054086538461538464
1 0.8497596153846154 0.038461538461538464 0.03485576923076923 0.05889423076923077
1 0.8990384615384616 0.06370192307692307 0.03245192307692308 0.04567307692307692