1 0.0829326923076923 0.23197115384615385 0.04447115384615385 0.0673076923076923
1 0.18629807692307693 0.1141826923076923 0.03245192307692308 0.04927884615384615
1 0.2536057692307692 0.28125 0.042067307692307696 0.06009615384615385
1 0.36899038461538464 0.08653846153846154 0.03245192307692308 0.04447115384615385
1 0.41225961538461536 0.14423076923076922 0.039663461538461536 0.06370192307692307
1 0.5168269230769231 0.35336538461538464 0.052884615384615384 0.08653846153846154
1 0.4543269230769231 0.08052884615384616 0.037259615384615384 0.056490384615384616
1 0.5180288461538461 0.09014423076923077 0.03485576923076923 0.052884615384615384
1 0.6177884615384616 0.2644230769230769 0.04447115384615385 0.07091346153846154
1 0.6045673076923077 0.20552884615384615 0.03485576923076923 0.052884615384615384
2 0.41947115384615385 0.07451923076923077 0.025240384615384616 0.030048076923076924
2 0.5913461538461539 0.09975961538461539 0.02283653846153846 0.040865384615384616
1 0.5973557692307693 0.039663461538461536 0.025240384615384616 0.03365384615384615
1 0.6634615384615384 0.13341346153846154 0.03245192307692308 0.040865384615384616
2 0.6274038461538461 0.02283653846153846 0.025240384615384616 0.037259615384615384
0 0.6947115384615384 0.07451923076923077 0.025240384615384616 0.04447115384615385
1 0.7475961538461539 0.054086538461538464 0.030048076923076924 0.04927884615384615
1 0.7668269230769231 0.057692307692307696 0.01201923076923077 0.03365384615384615
2 0.7247596153846154 0.05048076923076923 0.020432692307692308 0.03365384615384615
2 0.8798076923076923 0.056490384615384616 0.030048076923076924 0.037259615384615384
1 0.9519230769230769 0.09735576923076923 0.030048076923076924 0.04447115384615385