1 0.08052884615384616 0.23076923076923078 0.08774038461538461 0.1502403846153846
1 0.1658653846153846 0.38822115384615385 0.140625 0.19951923076923078
1 0.4014423076923077 0.36177884615384615 0.07211538461538461 0.09975961538461539
1 0.43509615384615385 0.21153846153846154 0.06610576923076923 0.0829326923076923
1 0.4567307692307692 0.28966346153846156 0.05889423076923077 0.109375
1 0.5324519230769231 0.26322115384615385 0.11538461538461539 0.1622596153846154
1 0.6766826923076923 0.2620192307692308 0.06850961538461539 0.09975961538461539
2 0.6466346153846154 0.12379807692307693 0.046875 0.07091346153846154
2 0.7379807692307693 0.20192307692307693 0.046875 0.0733173076923077
1 0.8100961538461539 0.27403846153846156 0.06971153846153846 0.11778846153846154
1 0.8858173076923077 0.4411057692307692 0.11177884615384616 0.15264423076923078
1 0.8846153846153846 0.23918269230769232 0.055288461538461536 0.07932692307692307
1 0.8581730769230769 0.11899038461538461 0.052884615384615384 0.0733173076923077