1 0.8461538461538461 0.16826923076923078 0.0625 0.09735576923076923
1 0.09014423076923077 0.20552884615384615 0.05048076923076923 0.0673076923076923
1 0.6442307692307693 0.19471153846153846 0.04807692307692308 0.07451923076923077
1 0.7091346153846154 0.2956730769230769 0.03245192307692308 0.052884615384615384
0 0.9362980769230769 0.2980769230769231 0.04807692307692308 0.078125
0 0.47716346153846156 0.1971153846153846 0.055288461538461536 0.10096153846153846
0 0.11658653846153846 0.27884615384615385 0.057692307692307696 0.09375
2 0.02283653846153846 0.20072115384615385 0.04447115384615385 0.07091346153846154
2 0.19471153846153846 0.29447115384615385 0.055288461538461536 0.08653846153846154
2 0.23317307692307693 0.23197115384615385 0.037259615384615384 0.06009615384615385
2 0.3629807692307692 0.2439903846153846 0.04447115384615385 0.06009615384615385
2 0.6009615384615384 0.21514423076923078 0.042067307692307696 0.06370192307692307
2 0.7235576923076923 0.15384615384615385 0.04807692307692308 0.0673076923076923