1 0.11778846153846154 0.6117788461538461 0.06971153846153846 0.08653846153846154
1 0.24639423076923078 0.5600961538461539 0.057692307692307696 0.09375
1 0.38100961538461536 0.8221153846153846 0.07211538461538461 0.10096153846153846
1 0.3112980769230769 0.5372596153846154 0.04807692307692308 0.07091346153846154
1 0.3557692307692308 0.41586538461538464 0.042067307692307696 0.0673076923076923
0 0.26802884615384615 0.36538461538461536 0.03485576923076923 0.056490384615384616
1 0.15985576923076922 0.4387019230769231 0.03485576923076923 0.0673076923076923
1 0.14903846153846154 0.359375 0.02283653846153846 0.04447115384615385
1 0.2091346153846154 0.31850961538461536 0.02283653846153846 0.037259615384615384
1 0.4699519230769231 0.4723557692307692 0.06490384615384616 0.09014423076923077
1 0.5300480769230769 0.3918269230769231 0.039663461538461536 0.07091346153846154
1 0.7668269230769231 0.46274038461538464 0.0829326923076923 0.10817307692307693
1 0.9314903846153846 0.5300480769230769 0.037259615384615384 0.08653846153846154
1 0.6237980769230769 0.3557692307692308 0.02283653846153846 0.0673076923076923
1 0.5576923076923077 0.25841346153846156 0.03485576923076923 0.06009615384615385
1 0.46274038461538464 0.2283653846153846 0.030048076923076924 0.04447115384615385
1 0.3112980769230769 0.25600961538461536 0.02283653846153846 0.04927884615384615
1 0.09254807692307693 0.33653846153846156 0.020432692307692308 0.06009615384615385
1 0.07211538461538461 0.28125 0.020432692307692308 0.04447115384615385
1 0.1502403846153846 0.24759615384615385 0.030048076923076924 0.052884615384615384
1 0.2247596153846154 0.21153846153846154 0.020432692307692308 0.03365384615384615