2 0.05889423076923077 0.4807692307692308 0.09254807692307693 0.13822115384615385
2 0.08653846153846154 0.1201923076923077 0.0673076923076923 0.09735576923076923
1 0.14543269230769232 0.08774038461538461 0.055288461538461536 0.09375
1 0.3088942307692308 0.04326923076923077 0.057692307692307696 0.08653846153846154
2 0.22716346153846154 0.1141826923076923 0.06971153846153846 0.10817307692307693
2 0.2620192307692308 0.28125 0.04447115384615385 0.07451923076923077
2 0.21514423076923078 0.47596153846153844 0.08533653846153846 0.12740384615384615
2 0.15625 0.6382211538461539 0.10697115384615384 0.10817307692307693
1 0.21033653846153846 0.875 0.12980769230769232 0.22115384615384615
2 0.35697115384615385 0.6574519230769231 0.13942307692307693 0.16105769230769232
2 0.3233173076923077 0.3762019230769231 0.09254807692307693 0.12379807692307693
2 0.34375 0.1346153846153846 0.07211538461538461 0.07451923076923077
2 0.4375 0.1502403846153846 0.06490384615384616 0.09014423076923077
1 0.4987980769230769 0.11177884615384616 0.07211538461538461 0.09735576923076923
1 0.4879807692307692 0.3485576923076923 0.09014423076923077 0.12740384615384615
2 0.5685096153846154 0.2608173076923077 0.0625 0.10096153846153846
2 0.6286057692307693 0.11057692307692307 0.07692307692307693 0.11658653846153846
2 0.7331730769230769 0.10697115384615384 0.0673076923076923 0.078125
2 0.7439903846153846 0.265625 0.0625 0.09014423076923077
1 0.6802884615384616 0.4254807692307692 0.09975961538461539 0.15384615384615385
2 0.6334134615384616 0.6634615384615384 0.09254807692307693 0.12740384615384615
1 0.7524038461538461 0.7944711538461539 0.09975961538461539 0.14182692307692307
1 0.8269230769230769 0.4963942307692308 0.09014423076923077 0.13822115384615385
2 0.8653846153846154 0.14423076923076922 0.06009615384615385 0.09375
2 0.9735576923076923 0.08774038461538461 0.04807692307692308 0.078125
1 0.9242788461538461 0.31490384615384615 0.07211538461538461 0.09735576923076923