1 0.06850961538461539 0.9158653846153846 0.10697115384615384 0.15985576923076922
1 0.19230769230769232 0.7944711538461539 0.06971153846153846 0.11298076923076923
1 0.30288461538461536 0.7403846153846154 0.12980769230769232 0.23076923076923078
1 0.49399038461538464 0.6129807692307693 0.07692307692307693 0.16346153846153846
1 0.31971153846153844 0.2403846153846154 0.04447115384615385 0.07451923076923077
1 0.39903846153846156 0.11177884615384616 0.037259615384615384 0.05889423076923077
1 0.4230769230769231 0.24639423076923078 0.03485576923076923 0.06971153846153846
1 0.49759615384615385 0.13822115384615385 0.030048076923076924 0.04326923076923077
1 0.5913461538461539 0.15264423076923078 0.037259615384615384 0.0625
1 0.5637019230769231 0.37259615384615385 0.037259615384615384 0.06610576923076923
1 0.6911057692307693 0.5600961538461539 0.10216346153846154 0.15985576923076922
1 0.7548076923076923 0.19110576923076922 0.03485576923076923 0.055288461538461536
2 0.8461538461538461 0.34134615384615385 0.037259615384615384 0.05889423076923077
2 0.6634615384615384 0.19951923076923078 0.037259615384615384 0.0625
2 0.44591346153846156 0.45552884615384615 0.04807692307692308 0.07451923076923077