2 0.9747596153846154 0.2127403846153846 0.03485576923076923 0.06009615384615385
2 0.9290865384615384 0.18509615384615385 0.04807692307692308 0.06971153846153846
2 0.8665865384615384 0.17668269230769232 0.03245192307692308 0.052884615384615384
2 0.8617788461538461 0.23317307692307693 0.02283653846153846 0.0733173076923077
2 0.9338942307692307 0.3894230769230769 0.03245192307692308 0.06009615384615385
1 0.9038461538461539 0.5120192307692307 0.057692307692307696 0.09615384615384616
0 0.8497596153846154 0.6213942307692307 0.06009615384615385 0.10336538461538461
2 0.7127403846153846 0.9519230769230769 0.08533653846153846 0.09014423076923077
2 0.7127403846153846 0.04447115384615385 0.030048076923076924 0.05048076923076923
2 0.6995192307692307 0.1622596153846154 0.039663461538461536 0.06971153846153846
2 0.6490384615384616 0.203125 0.03245192307692308 0.0733173076923077
2 0.6153846153846154 0.21634615384615385 0.030048076923076924 0.0733173076923077
2 0.7331730769230769 0.3762019230769231 0.042067307692307696 0.06610576923076923
1 0.6634615384615384 0.5348557692307693 0.04807692307692308 0.09014423076923077
1 0.5817307692307693 0.5300480769230769 0.042067307692307696 0.08653846153846154
2 0.4987980769230769 0.20552884615384615 0.03245192307692308 0.056490384615384616
2 0.4639423076923077 0.20673076923076922 0.027644230769230768 0.06009615384615385
1 0.4098557692307692 0.25841346153846156 0.030048076923076924 0.09615384615384616
2 0.32211538461538464 0.12860576923076922 0.04447115384615385 0.09014423076923077
2 0.2403846153846154 0.15865384615384615 0.03485576923076923 0.06370192307692307
1 0.11177884615384616 0.15504807692307693 0.052884615384615384 0.09014423076923077
1 0.125 0.31009615384615385 0.05048076923076923 0.11298076923076923
2 0.7103365384615384 0.05048076923076923 0.03485576923076923 0.039663461538461536