1 0.039663461538461536 0.8774038461538461 0.06490384615384616 0.1141826923076923
1 0.125 0.78125 0.06490384615384616 0.11057692307692307
0 0.1658653846153846 0.7127403846153846 0.052884615384615384 0.09375
2 0.09375 0.47596153846153844 0.042067307692307696 0.06971153846153846
1 0.0829326923076923 0.35096153846153844 0.039663461538461536 0.09014423076923077
1 0.025240384615384616 0.31850961538461536 0.03485576923076923 0.0733173076923077
2 0.08052884615384616 0.04447115384615385 0.05048076923076923 0.08173076923076923
1 0.2956730769230769 0.0733173076923077 0.052884615384615384 0.08173076923076923
1 0.25721153846153844 0.2668269230769231 0.055288461538461536 0.06971153846153846
1 0.2620192307692308 0.49399038461538464 0.04447115384615385 0.09014423076923077
1 0.37259615384615385 0.921875 0.06971153846153846 0.10576923076923077
1 0.5168269230769231 0.7427884615384616 0.0625 0.08173076923076923
1 0.5637019230769231 0.8221153846153846 0.07211538461538461 0.10216346153846154
1 0.4963942307692308 0.4266826923076923 0.057692307692307696 0.09375
1 0.4807692307692308 0.27524038461538464 0.0625 0.08533653846153846
1 0.4891826923076923 0.1466346153846154 0.057692307692307696 0.0733173076923077
1 0.6382211538461539 0.49038461538461536 0.04807692307692308 0.08173076923076923
1 0.6586538461538461 0.2692307692307692 0.052884615384615384 0.09014423076923077
1 0.7439903846153846 0.2668269230769231 0.057692307692307696 0.09375
1 0.9302884615384616 0.640625 0.06971153846153846 0.0733173076923077
1 0.8894230769230769 0.3425480769230769 0.06009615384615385 0.08173076923076923
1 0.8197115384615384 0.19951923076923078 0.04447115384615385 0.0733173076923077
1 0.8173076923076923 0.08774038461538461 0.04447115384615385 0.06129807692307692