1 0.1935096153846154 0.44471153846153844 0.07692307692307693 0.14543269230769232
2 0.3894230769230769 0.6105769230769231 0.13942307692307693 0.2920673076923077
1 0.09014423076923077 0.3389423076923077 0.06009615384615385 0.11899038461538461
0 0.16466346153846154 0.17427884615384615 0.04447115384615385 0.10216346153846154
2 0.21995192307692307 0.3269230769230769 0.055288461538461536 0.0889423076923077
1 0.28125 0.25721153846153844 0.052884615384615384 0.07932692307692307
1 0.3473557692307692 0.23677884615384615 0.06009615384615385 0.08413461538461539
1 0.4254807692307692 0.28365384615384615 0.05048076923076923 0.07932692307692307
1 0.47115384615384615 0.3545673076923077 0.057692307692307696 0.10576923076923077
1 0.5456730769230769 0.36538461538461536 0.0673076923076923 0.08413461538461539
2 0.46274038461538464 0.16826923076923078 0.03485576923076923 0.07091346153846154
1 0.3786057692307692 0.09495192307692307 0.02283653846153846 0.039663461538461536
1 0.4651442307692308 0.07932692307692307 0.025240384615384616 0.04447115384615385
1 0.6742788461538461 0.453125 0.09254807692307693 0.15504807692307693
1 0.12860576923076922 0.20192307692307693 0.037259615384615384 0.08413461538461539
1 0.2644230769230769 0.17908653846153846 0.04447115384615385 0.06610576923076923
1 0.5745192307692307 0.055288461538461536 0.014423076923076924 0.03125
1 0.7956730769230769 0.8978365384615384 0.0673076923076923 0.18629807692307693
1 0.8389423076923077 0.5372596153846154 0.08774038461538461 0.17307692307692307
1 0.8233173076923077 0.2848557692307692 0.0673076923076923 0.10216346153846154
1 0.8161057692307693 0.4230769230769231 0.037259615384615384 0.09254807692307693
1 0.7764423076923077 0.20552884615384615 0.042067307692307696 0.10216346153846154
1 0.8689903846153846 0.17067307692307693 0.03245192307692308 0.06610576923076923