1 0.9290865384615384 0.5949519230769231 0.03245192307692308 0.06009615384615385
1 0.8413461538461539 0.5396634615384616 0.018028846153846152 0.037259615384615384
1 0.8028846153846154 0.6237980769230769 0.03485576923076923 0.04927884615384615
1 0.6923076923076923 0.5060096153846154 0.05048076923076923 0.09014423076923077
1 0.5661057692307693 0.5949519230769231 0.037259615384615384 0.0829326923076923
1 0.4110576923076923 0.5564903846153846 0.03245192307692308 0.056490384615384616
1 0.3786057692307692 0.5360576923076923 0.018028846153846152 0.030048076923076924
2 0.3401442307692308 0.5372596153846154 0.014423076923076924 0.026442307692307692
1 0.25721153846153844 0.59375 0.03485576923076923 0.04927884615384615
0 0.11057692307692307 0.5300480769230769 0.04447115384615385 0.078125
1 0.22235576923076922 0.5276442307692307 0.014423076923076924 0.02283653846153846