1 0.0625 0.7127403846153846 0.04447115384615385 0.07451923076923077
1 0.05048076923076923 0.4014423076923077 0.020432692307692308 0.056490384615384616
1 0.13341346153846154 0.3894230769230769 0.03245192307692308 0.056490384615384616
2 0.052884615384615384 0.5024038461538461 0.025240384615384616 0.06370192307692307
2 0.021634615384615384 0.5276442307692307 0.02283653846153846 0.07091346153846154
1 0.29927884615384615 0.25961538461538464 0.057692307692307696 0.08533653846153846
1 0.3737980769230769 0.27403846153846156 0.052884615384615384 0.078125
1 0.48677884615384615 0.296875 0.057692307692307696 0.09375
1 0.6418269230769231 0.31009615384615385 0.04807692307692308 0.08173076923076923
1 0.7536057692307693 0.2848557692307692 0.057692307692307696 0.09375
1 0.9723557692307693 0.38100961538461536 0.03485576923076923 0.051682692307692304
2 0.9735576923076923 0.5 0.037259615384615384 0.07451923076923077