1 0.18629807692307693 0.2932692307692308 0.052884615384615384 0.07692307692307693
1 0.4014423076923077 0.2668269230769231 0.0673076923076923 0.10216346153846154
1 0.5709134615384616 0.26322115384615385 0.057692307692307696 0.08774038461538461
2 0.75 0.26322115384615385 0.055288461538461536 0.0733173076923077
2 0.9483173076923077 0.2860576923076923 0.052884615384615384 0.06971153846153846
2 0.9639423076923077 0.08413461538461539 0.03245192307692308 0.04326923076923077
2 0.6334134615384616 0.038461538461538464 0.018028846153846152 0.039663461538461536
2 0.5709134615384616 0.051682692307692304 0.01201923076923077 0.028846153846153848
2 0.8161057692307693 0.12259615384615384 0.01201923076923077 0.025240384615384616
2 0.7427884615384616 0.1201923076923077 0.014423076923076924 0.021634615384615384
2 0.7055288461538461 0.11298076923076923 0.014423076923076924 0.021634615384615384
1 0.4362980769230769 0.0985576923076923 0.018028846153846152 0.028846153846153848
2 0.36778846153846156 0.11658653846153846 0.014423076923076924 0.021634615384615384
2 0.2127403846153846 0.09615384615384616 0.014423076923076924 0.025240384615384616
2 0.15144230769230768 0.10096153846153846 0.018028846153846152 0.03245192307692308
2 0.0673076923076923 0.09254807692307693 0.014423076923076924 0.03245192307692308
2 0.01201923076923077 0.0889423076923077 0.020432692307692308 0.025240384615384616