1 0.2764423076923077 0.24519230769230768 0.027644230769230768 0.040865384615384616
2 0.3581730769230769 0.27163461538461536 0.037259615384615384 0.04927884615384615
1 0.48677884615384615 0.234375 0.037259615384615384 0.06370192307692307
1 0.6141826923076923 0.2920673076923077 0.04807692307692308 0.0673076923076923
1 0.7175480769230769 0.32572115384615385 0.04447115384615385 0.0673076923076923
1 0.8365384615384616 0.2980769230769231 0.0625 0.08653846153846154
1 0.9771634615384616 0.2848557692307692 0.039663461538461536 0.11177884615384616
1 0.22115384615384615 0.28125 0.02283653846153846 0.037259615384615384
1 0.1935096153846154 0.25600961538461536 0.02283653846153846 0.040865384615384616
1 0.15504807692307693 0.25841346153846156 0.020432692307692308 0.037259615384615384
1 0.1201923076923077 0.2548076923076923 0.025240384615384616 0.030048076923076924