1 0.0889423076923077 0.29927884615384615 0.057692307692307696 0.09014423076923077
0 0.24158653846153846 0.3581730769230769 0.04807692307692308 0.07091346153846154
1 0.34375 0.26802884615384615 0.052884615384615384 0.08653846153846154
1 0.36658653846153844 0.6814903846153846 0.10216346153846154 0.19471153846153846
1 0.4074519230769231 0.4735576923076923 0.08533653846153846 0.1310096153846154
1 0.5324519230769231 0.2548076923076923 0.030048076923076924 0.06009615384615385
1 0.6153846153846154 0.4326923076923077 0.09014423076923077 0.15384615384615385
0 0.6730769230769231 0.20432692307692307 0.03485576923076923 0.07091346153846154
1 0.6947115384615384 0.30288461538461536 0.04447115384615385 0.07451923076923077
1 0.7716346153846154 0.44711538461538464 0.057692307692307696 0.09375
1 0.7920673076923077 0.27884615384615385 0.05048076923076923 0.078125
1 0.8918269230769231 0.5240384615384616 0.11778846153846154 0.16466346153846154
1 0.9290865384615384 0.21033653846153846 0.037259615384615384 0.06009615384615385
1 0.8725961538461539 0.21394230769230768 0.039663461538461536 0.0673076923076923
1 0.027644230769230768 0.6081730769230769 0.055288461538461536 0.11658653846153846