1 0.04927884615384615 0.27163461538461536 0.04807692307692308 0.06850961538461539
1 0.18509615384615385 0.24879807692307693 0.039663461538461536 0.06129807692307692
1 0.2644230769230769 0.2548076923076923 0.03485576923076923 0.06490384615384616
1 0.4074519230769231 0.23918269230769232 0.039663461538461536 0.06490384615384616
1 0.4519230769230769 0.22956730769230768 0.030048076923076924 0.054086538461538464
1 0.4879807692307692 0.22596153846153846 0.030048076923076924 0.06129807692307692
1 0.5216346153846154 0.16826923076923078 0.03245192307692308 0.038461538461538464
1 0.5108173076923077 0.2800480769230769 0.037259615384615384 0.06129807692307692
1 0.5757211538461539 0.35096153846153844 0.057692307692307696 0.08774038461538461
2 0.6730769230769231 0.2091346153846154 0.04447115384615385 0.0733173076923077
1 0.6923076923076923 0.3713942307692308 0.06009615384615385 0.10697115384615384
1 0.8088942307692307 0.18389423076923078 0.037259615384615384 0.06129807692307692
1 0.8016826923076923 0.3449519230769231 0.052884615384615384 0.06850961538461539
1 0.9170673076923077 0.4519230769230769 0.08052884615384616 0.13822115384615385
2 0.8653846153846154 0.421875 0.03485576923076923 0.07692307692307693