1 0.08533653846153846 0.46875 0.04447115384615385 0.12860576923076922
1 0.2824519230769231 0.4375 0.039663461538461536 0.10216346153846154
1 0.3329326923076923 0.49759615384615385 0.06009615384615385 0.09735576923076923
1 0.39663461538461536 0.36658653846153844 0.042067307692307696 0.09375
2 0.44471153846153844 0.3870192307692308 0.055288461538461536 0.10697115384615384
1 0.5060096153846154 0.5 0.07692307692307693 0.15504807692307693
2 0.5 0.3004807692307692 0.04447115384615385 0.08413461538461539
2 0.5805288461538461 0.2824519230769231 0.05048076923076923 0.10216346153846154
2 0.7007211538461539 0.3401442307692308 0.04807692307692308 0.09375
1 0.6706730769230769 0.4579326923076923 0.04807692307692308 0.09735576923076923
1 0.7427884615384616 0.4375 0.05048076923076923 0.1201923076923077
1 0.8894230769230769 0.3557692307692308 0.04447115384615385 0.0889423076923077
0 0.7884615384615384 0.48197115384615385 0.0673076923076923 0.1201923076923077
2 0.9567307692307693 0.3894230769230769 0.0625 0.10216346153846154
2 0.18269230769230768 0.3581730769230769 0.030048076923076924 0.057692307692307696
2 0.8149038461538461 0.33774038461538464 0.030048076923076924 0.0625
1 0.9290865384615384 0.31971153846153844 0.027644230769230768 0.052884615384615384