1 0.04326923076923077 0.5901442307692307 0.07211538461538461 0.10697115384615384
1 0.0829326923076923 0.42788461538461536 0.03485576923076923 0.056490384615384616
1 0.11658653846153846 0.39302884615384615 0.02283653846153846 0.039663461538461536
1 0.19471153846153846 0.42788461538461536 0.03485576923076923 0.04326923076923077
1 0.23197115384615385 0.36177884615384615 0.025240384615384616 0.04326923076923077
1 0.16947115384615385 0.3485576923076923 0.020432692307692308 0.030048076923076924
1 0.2848557692307692 0.5300480769230769 0.1045673076923077 0.16706730769230768
1 0.4014423076923077 0.38822115384615385 0.02283653846153846 0.030048076923076924
1 0.28725961538461536 0.35336538461538464 0.020432692307692308 0.026442307692307692
1 0.4411057692307692 0.453125 0.037259615384615384 0.052884615384615384
1 0.5408653846153846 0.44350961538461536 0.057692307692307696 0.08653846153846154
1 0.49038461538461536 0.3918269230769231 0.014423076923076924 0.030048076923076924
1 0.44591346153846156 0.38341346153846156 0.018028846153846152 0.020432692307692308
1 0.5829326923076923 0.35336538461538464 0.025240384615384616 0.03365384615384615
1 0.6995192307692307 0.39302884615384615 0.025240384615384616 0.026442307692307692
1 0.7463942307692307 0.44350961538461536 0.02283653846153846 0.03365384615384615
1 0.8233173076923077 0.44711538461538464 0.04807692307692308 0.06610576923076923
1 0.8894230769230769 0.40024038461538464 0.020432692307692308 0.03365384615384615
1 0.9879807692307693 0.4651442307692308 0.020432692307692308 0.06370192307692307
1 0.6598557692307693 0.36778846153846156 0.009615384615384616 0.016826923076923076
1 0.6995192307692307 0.34375 0.014423076923076924 0.020432692307692308
1 0.7283653846153846 0.36177884615384615 0.01201923076923077 0.016826923076923076
1 0.7752403846153846 0.40024038461538464 0.020432692307692308 0.03365384615384615
1 0.9603365384615384 0.3894230769230769 0.020432692307692308 0.03365384615384615
1 0.9819711538461539 0.3701923076923077 0.009615384615384616 0.020432692307692308