1 0.009615384615384616 0.35096153846153844 0.019230769230769232 0.028846153846153848
1 0.11538461538461539 0.375 0.020432692307692308 0.03125
1 0.03365384615384615 0.45072115384615385 0.037259615384615384 0.06610576923076923
1 0.09495192307692307 0.5396634615384616 0.030048076923076924 0.06610576923076923
1 0.20673076923076922 0.43990384615384615 0.052884615384615384 0.09735576923076923
1 0.2283653846153846 0.36899038461538464 0.02283653846153846 0.052884615384615384
1 0.25721153846153844 0.3401442307692308 0.020432692307692308 0.039663461538461536
1 0.3233173076923077 0.3557692307692308 0.01201923076923077 0.026442307692307692
1 0.29927884615384615 0.390625 0.018028846153846152 0.036057692307692304
1 0.31971153846153844 0.47115384615384615 0.03485576923076923 0.07091346153846154
1 0.35216346153846156 0.43509615384615385 0.020432692307692308 0.052884615384615384
1 0.39903846153846156 0.4483173076923077 0.057692307692307696 0.09735576923076923
1 0.4519230769230769 0.6262019230769231 0.06490384615384616 0.13341346153846154
0 0.44350961538461536 0.3798076923076923 0.01201923076923077 0.021634615384615384
1 0.5949519230769231 0.46875 0.025240384615384616 0.06610576923076923
1 0.6430288461538461 0.40384615384615385 0.020432692307692308 0.04447115384615385
1 0.6875 0.49759615384615385 0.03485576923076923 0.07091346153846154
1 0.8473557692307693 0.6466346153846154 0.15985576923076922 0.30649038461538464
1 0.9399038461538461 0.7403846153846154 0.06009615384615385 0.12860576923076922