1 0.08413461538461539 0.2668269230769231 0.042067307692307696 0.08533653846153846
1 0.16466346153846154 0.3137019230769231 0.05048076923076923 0.0733173076923077
1 0.29927884615384615 0.23317307692307693 0.027644230769230768 0.057692307692307696
1 0.35336538461538464 0.29447115384615385 0.04807692307692308 0.0985576923076923
1 0.3701923076923077 0.234375 0.030048076923076924 0.06129807692307692
1 0.4050480769230769 0.27524038461538464 0.039663461538461536 0.078125
1 0.4519230769230769 0.4735576923076923 0.05048076923076923 0.08173076923076923
1 0.4326923076923077 0.2536057692307692 0.014423076923076924 0.057692307692307696
1 0.47596153846153844 0.27163461538461536 0.027644230769230768 0.06129807692307692
1 0.5252403846153846 0.2668269230769231 0.030048076923076924 0.06971153846153846
1 0.5588942307692307 0.27403846153846156 0.042067307692307696 0.08173076923076923
1 0.6117788461538461 0.3016826923076923 0.037259615384615384 0.06490384615384616
1 0.6490384615384616 0.328125 0.037259615384615384 0.078125
1 0.7115384615384616 0.35096153846153844 0.052884615384615384 0.08173076923076923
1 0.71875 0.21394230769230768 0.02283653846153846 0.052884615384615384
1 0.7680288461538461 0.2548076923076923 0.03485576923076923 0.06971153846153846
2 0.8052884615384616 0.2548076923076923 0.03485576923076923 0.06129807692307692
1 0.8377403846153846 0.24639423076923078 0.020432692307692308 0.04447115384615385
1 0.8798076923076923 0.23677884615384615 0.039663461538461536 0.06490384615384616
1 0.9362980769230769 0.2548076923076923 0.04807692307692308 0.078125