1 0.1502403846153846 0.16466346153846154 0.055288461538461536 0.09014423076923077
0 0.06009615384615385 0.29927884615384615 0.04447115384615385 0.0829326923076923
1 0.35096153846153844 0.1971153846153846 0.04807692307692308 0.07091346153846154
1 0.2848557692307692 0.2920673076923077 0.03485576923076923 0.06009615384615385
1 0.9038461538461539 0.21033653846153846 0.042067307692307696 0.07451923076923077
0 0.8774038461538461 0.27884615384615385 0.055288461538461536 0.09375
0 0.5180288461538461 0.1971153846153846 0.06490384615384616 0.10096153846153846
2 0.8004807692307693 0.2920673076923077 0.055288461538461536 0.09014423076923077
2 0.9735576923076923 0.20072115384615385 0.042067307692307696 0.06370192307692307
2 0.6322115384615384 0.24519230769230768 0.04447115384615385 0.07091346153846154
2 0.39302884615384615 0.21754807692307693 0.03485576923076923 0.06009615384615385
2 0.2692307692307692 0.15384615384615385 0.04807692307692308 0.0673076923076923
2 0.7572115384615384 0.23076923076923078 0.03485576923076923 0.06370192307692307