1 0.03125 0.3004807692307692 0.03245192307692308 0.08413461538461539
1 0.11177884615384616 0.27524038461538464 0.04807692307692308 0.0889423076923077
1 0.25721153846153844 0.6177884615384616 0.03485576923076923 0.0625
1 0.30408653846153844 0.43509615384615385 0.037259615384615384 0.08052884615384616
1 0.3473557692307692 0.3605769230769231 0.03485576923076923 0.0625
1 0.41586538461538464 0.40625 0.042067307692307696 0.06610576923076923
1 0.4639423076923077 0.40384615384615385 0.03245192307692308 0.052884615384615384
1 0.5685096153846154 0.375 0.03245192307692308 0.06610576923076923
1 0.6346153846153846 0.3894230769230769 0.03485576923076923 0.06610576923076923
1 0.7199519230769231 0.3293269230769231 0.03485576923076923 0.0625
2 0.21875 0.33533653846153844 0.037259615384615384 0.07572115384615384
2 0.3112980769230769 0.3485576923076923 0.027644230769230768 0.04927884615384615
2 0.5300480769230769 0.3870192307692308 0.030048076923076924 0.07091346153846154
2 0.39302884615384615 0.36658653846153844 0.03485576923076923 0.06610576923076923