0 0.11778846153846154 0.4375 0.13942307692307693 0.25721153846153844
1 0.43149038461538464 0.6262019230769231 0.11778846153846154 0.25240384615384615
1 0.5360576923076923 0.75 0.07211538461538461 0.18990384615384615
1 0.6622596153846154 0.7872596153846154 0.125 0.22956730769230768
1 0.8149038461538461 0.7151442307692307 0.09014423076923077 0.19951923076923078
1 0.6538461538461539 0.3629807692307692 0.0625 0.14182692307692307
1 0.7199519230769231 0.32091346153846156 0.06490384615384616 0.11899038461538461
1 0.5096153846153846 0.2608173076923077 0.04447115384615385 0.10576923076923077
1 0.5576923076923077 0.19951923076923078 0.05048076923076923 0.09735576923076923
1 0.47475961538461536 0.3317307692307692 0.06490384615384616 0.09735576923076923
1 0.5973557692307693 0.07692307692307693 0.039663461538461536 0.06610576923076923
1 0.6814903846153846 0.05048076923076923 0.037259615384615384 0.057692307692307696
1 0.5336538461538461 0.0625 0.037259615384615384 0.0625