1 0.0829326923076923 0.26322115384615385 0.05048076923076923 0.09254807692307693
1 0.16706730769230768 0.31850961538461536 0.04447115384615385 0.0889423076923077
1 0.3485576923076923 0.29447115384615385 0.057692307692307696 0.10216346153846154
1 0.40384615384615385 0.27884615384615385 0.042067307692307696 0.0889423076923077
1 0.4495192307692308 0.5084134615384616 0.055288461538461536 0.10576923076923077
1 0.47716346153846156 0.2704326923076923 0.030048076923076924 0.0625
1 0.5264423076923077 0.25841346153846156 0.027644230769230768 0.08413461538461539
1 0.5588942307692307 0.27163461538461536 0.042067307692307696 0.09254807692307693
1 0.6117788461538461 0.30528846153846156 0.037259615384615384 0.07932692307692307
1 0.6490384615384616 0.3425480769230769 0.042067307692307696 0.09254807692307693
1 0.7127403846153846 0.36538461538461536 0.055288461538461536 0.11057692307692307
1 0.7644230769230769 0.25 0.03485576923076923 0.07572115384615384
2 0.8064903846153846 0.2548076923076923 0.042067307692307696 0.057692307692307696
1 0.8798076923076923 0.2283653846153846 0.04447115384615385 0.08413461538461539
1 0.9375 0.25 0.05048076923076923 0.09254807692307693
1 0.36658653846153844 0.2283653846153846 0.037259615384615384 0.06610576923076923
1 0.29927884615384615 0.22596153846153846 0.037259615384615384 0.0625