1 0.1971153846153846 0.078125 0.009615384615384616 0.021634615384615384
1 0.21634615384615385 0.08052884615384616 0.01201923076923077 0.026442307692307692
1 0.2548076923076923 0.07091346153846154 0.014423076923076924 0.026442307692307692
1 0.32211538461538464 0.052884615384615384 0.025240384615384616 0.0625
1 0.3016826923076923 0.14182692307692307 0.03245192307692308 0.036057692307692304
1 0.14903846153846154 0.09375 0.027644230769230768 0.0625
1 0.45072115384615385 0.11538461538461539 0.018028846153846152 0.0625
1 0.5024038461538461 0.1310096153846154 0.039663461538461536 0.08413461538461539
1 0.5925480769230769 0.19591346153846154 0.014423076923076924 0.026442307692307692
1 0.6947115384615384 0.12259615384615384 0.039663461538461536 0.07572115384615384
1 0.875 0.14423076923076922 0.03485576923076923 0.09375