0 0.10576923076923077 0.23557692307692307 0.11298076923076923 0.1778846153846154
2 0.23557692307692307 0.11658653846153846 0.06490384615384616 0.0829326923076923
1 0.3545673076923077 0.20552884615384615 0.04447115384615385 0.08653846153846154
1 0.41225961538461536 0.34375 0.08052884615384616 0.12860576923076922
1 0.25600961538461536 0.7487980769230769 0.20793269230769232 0.30528846153846156
1 0.5600961538461539 0.6850961538461539 0.19471153846153846 0.30528846153846156
1 0.6189903846153846 0.39783653846153844 0.09735576923076923 0.1622596153846154
1 0.49759615384615385 0.24879807692307693 0.06971153846153846 0.11298076923076923
2 0.8317307692307693 0.23798076923076922 0.0829326923076923 0.12860576923076922
1 0.9447115384615384 0.13942307692307693 0.09014423076923077 0.11298076923076923
1 0.9579326923076923 0.28725961538461536 0.08052884615384616 0.14302884615384615
1 0.7884615384615384 0.5528846153846154 0.11298076923076923 0.18509615384615385