1 0.04447115384615385 0.5901442307692307 0.08533653846153846 0.12259615384615384
1 0.08533653846153846 0.4254807692307692 0.039663461538461536 0.06009615384615385
1 0.12139423076923077 0.390625 0.027644230769230768 0.04326923076923077
1 0.16947115384615385 0.3473557692307692 0.025240384615384616 0.030048076923076924
1 0.021634615384615384 0.359375 0.02283653846153846 0.026442307692307692
1 0.19591346153846154 0.4266826923076923 0.037259615384615384 0.04326923076923077
1 0.23317307692307693 0.359375 0.027644230769230768 0.039663461538461536
1 0.2848557692307692 0.5264423076923077 0.11538461538461539 0.1622596153846154
1 0.28966346153846156 0.35216346153846156 0.025240384615384616 0.026442307692307692
1 0.3762019230769231 0.36538461538461536 0.018028846153846152 0.020432692307692308
1 0.39903846153846156 0.38822115384615385 0.027644230769230768 0.03365384615384615
1 0.4411057692307692 0.4519230769230769 0.042067307692307696 0.06009615384615385
1 0.5408653846153846 0.4423076923076923 0.0625 0.08653846153846154
1 0.5060096153846154 0.39903846153846156 0.02283653846153846 0.046875
1 0.44350961538461536 0.3798076923076923 0.018028846153846152 0.02283653846153846
1 0.5841346153846154 0.35096153846153844 0.027644230769230768 0.030048076923076924
1 0.6995192307692307 0.3918269230769231 0.025240384615384616 0.026442307692307692
1 0.6983173076923077 0.34375 0.018028846153846152 0.02283653846153846
1 0.7451923076923077 0.4387019230769231 0.025240384615384616 0.03365384615384615
1 0.7259615384615384 0.3605769230769231 0.018028846153846152 0.016826923076923076
1 0.7752403846153846 0.39663461538461536 0.020432692307692308 0.030048076923076924
1 0.8233173076923077 0.44350961538461536 0.04807692307692308 0.06370192307692307
1 0.8894230769230769 0.39903846153846156 0.025240384615384616 0.03365384615384615
1 0.9867788461538461 0.4579326923076923 0.02283653846153846 0.06610576923076923
1 0.9603365384615384 0.3858173076923077 0.030048076923076924 0.03365384615384615
2 0.5420673076923077 0.3485576923076923 0.014423076923076924 0.020432692307692308