1 0.8449519230769231 0.16466346153846154 0.055288461538461536 0.09014423076923077
0 0.9350961538461539 0.29927884615384615 0.04447115384615385 0.0829326923076923
1 0.6442307692307693 0.1971153846153846 0.04807692307692308 0.07091346153846154
1 0.7103365384615384 0.2920673076923077 0.03485576923076923 0.06009615384615385
1 0.09134615384615384 0.21033653846153846 0.042067307692307696 0.07451923076923077
0 0.11778846153846154 0.27884615384615385 0.055288461538461536 0.09375
0 0.47716346153846156 0.1971153846153846 0.06490384615384616 0.10096153846153846
2 0.19471153846153846 0.2920673076923077 0.055288461538461536 0.09014423076923077
2 0.021634615384615384 0.20072115384615385 0.042067307692307696 0.06370192307692307
2 0.3629807692307692 0.24519230769230768 0.04447115384615385 0.07091346153846154
2 0.6021634615384616 0.21754807692307693 0.03485576923076923 0.06009615384615385
2 0.7259615384615384 0.15384615384615385 0.04807692307692308 0.0673076923076923
2 0.23798076923076922 0.23076923076923078 0.03485576923076923 0.06370192307692307