1 0.09495192307692307 0.7475961538461539 0.16947115384615385 0.31850961538461536
1 0.2608173076923077 0.6129807692307693 0.10216346153846154 0.18990384615384615
2 0.3004807692307692 0.3762019230769231 0.06490384615384616 0.10576923076923077
1 0.4098557692307692 0.5108173076923077 0.08533653846153846 0.14543269230769232
2 0.47475961538461536 0.35216346153846156 0.03485576923076923 0.11899038461538461
1 0.5456730769230769 0.4206730769230769 0.10697115384615384 0.2127403846153846
1 0.6430288461538461 0.4182692307692308 0.08533653846153846 0.1814903846153846
2 0.6730769230769231 0.1346153846153846 0.04447115384615385 0.08413461538461539
1 0.8641826923076923 0.21033653846153846 0.04807692307692308 0.07572115384615384
1 0.9170673076923077 0.17908653846153846 0.055288461538461536 0.10216346153846154
1 0.7391826923076923 0.3125 0.04807692307692308 0.08413461538461539
1 0.78125 0.41586538461538464 0.07211538461538461 0.14182692307692307
1 0.9591346153846154 0.4362980769230769 0.0673076923076923 0.13701923076923078
1 0.7524038461538461 0.9074519230769231 0.1346153846153846 0.16826923076923078
1 0.4411057692307692 0.09975961538461539 0.03245192307692308 0.057692307692307696
2 0.5949519230769231 0.13221153846153846 0.030048076923076924 0.07091346153846154
2 0.7764423076923077 0.046875 0.03245192307692308 0.04807692307692308