2 0.04567307692307692 0.037259615384615384 0.057692307692307696 0.0733173076923077
1 0.04807692307692308 0.34615384615384615 0.055288461538461536 0.09375
1 0.24278846153846154 0.26322115384615385 0.06009615384615385 0.08052884615384616
1 0.28125 0.06490384615384616 0.0625 0.09014423076923077
2 0.06009615384615385 0.4699519230769231 0.05048076923076923 0.08653846153846154
1 0.021634615384615384 0.8786057692307693 0.042067307692307696 0.12980769230769232
1 0.09495192307692307 0.78125 0.06971153846153846 0.11658653846153846
0 0.14302884615384615 0.7115384615384616 0.055288461538461536 0.11057692307692307
1 0.24759615384615385 0.48677884615384615 0.055288461538461536 0.09375
1 0.49158653846153844 0.1346153846153846 0.0625 0.07692307692307693
1 0.4831730769230769 0.2668269230769231 0.0673076923076923 0.09375
1 0.5012019230769231 0.41947115384615385 0.0625 0.09375
1 0.36538461538461536 0.921875 0.06971153846153846 0.11057692307692307
1 0.5216346153846154 0.7463942307692307 0.07211538461538461 0.09375
1 0.5745192307692307 0.8221153846153846 0.07451923076923077 0.11057692307692307
1 0.6598557692307693 0.4831730769230769 0.055288461538461536 0.08653846153846154
1 0.6814903846153846 0.2620192307692308 0.0625 0.09014423076923077
1 0.7752403846153846 0.25721153846153844 0.06009615384615385 0.09975961538461539
1 0.8545673076923077 0.08052884615384616 0.04447115384615385 0.0733173076923077
1 0.9362980769230769 0.33774038461538464 0.0673076923076923 0.0829326923076923
1 0.9663461538461539 0.6370192307692307 0.0625 0.08653846153846154