1 0.47836538461538464 0.27524038461538464 0.07692307692307693 0.12379807692307693
1 0.08533653846153846 0.45072115384615385 0.04447115384615385 0.06370192307692307
1 0.15865384615384615 0.5072115384615384 0.037259615384615384 0.04927884615384615
1 0.30528846153846156 0.5204326923076923 0.030048076923076924 0.052884615384615384
1 0.23076923076923078 0.5360576923076923 0.02283653846153846 0.04447115384615385
1 0.2644230769230769 0.5673076923076923 0.025240384615384616 0.040865384615384616
1 0.6358173076923077 0.5360576923076923 0.027644230769230768 0.04447115384615385
2 0.6225961538461539 0.6586538461538461 0.020432692307692308 0.037259615384615384
1 0.7716346153846154 0.41225961538461536 0.037259615384615384 0.07451923076923077
1 0.8473557692307693 0.4362980769230769 0.03485576923076923 0.07091346153846154
1 0.9254807692307693 0.30528846153846156 0.06009615384615385 0.12379807692307693