1 0.0829326923076923 0.3137019230769231 0.05048076923076923 0.10216346153846154
1 0.16466346153846154 0.3737980769230769 0.04447115384615385 0.0889423076923077
1 0.34975961538461536 0.3485576923076923 0.055288461538461536 0.11057692307692307
1 0.40384615384615385 0.3245192307692308 0.042067307692307696 0.08052884615384616
1 0.45072115384615385 0.5600961538461539 0.052884615384615384 0.09735576923076923
1 0.5252403846153846 0.3112980769230769 0.030048076923076924 0.08052884615384616
1 0.5600961538461539 0.32211538461538464 0.04447115384615385 0.09375
1 0.6117788461538461 0.3557692307692308 0.042067307692307696 0.08052884615384616
1 0.6490384615384616 0.390625 0.042067307692307696 0.0889423076923077
1 0.7115384615384616 0.41346153846153844 0.057692307692307696 0.10697115384615384
1 0.7644230769230769 0.3004807692307692 0.03485576923076923 0.07572115384615384
2 0.8064903846153846 0.3004807692307692 0.037259615384615384 0.06610576923076923
1 0.8810096153846154 0.2800480769230769 0.042067307692307696 0.0889423076923077
1 0.9375 0.3016826923076923 0.05048076923076923 0.09735576923076923
1 0.2980769230769231 0.2776442307692308 0.03485576923076923 0.07572115384615384
1 0.47475961538461536 0.32211538461538464 0.03485576923076923 0.06610576923076923
1 0.36658653846153844 0.2776442307692308 0.037259615384615384 0.06610576923076923
1 0.8377403846153846 0.2980769230769231 0.025240384615384616 0.052884615384615384