1 0.04447115384615385 0.265625 0.05048076923076923 0.09615384615384616
1 0.10697115384615384 0.24519230769230768 0.06009615384615385 0.09615384615384616
1 0.27524038461538464 0.1466346153846154 0.04447115384615385 0.09254807692307693
1 0.23798076923076922 0.34134615384615385 0.04447115384615385 0.1045673076923077
1 0.31490384615384615 0.29927884615384615 0.05048076923076923 0.10096153846153846
1 0.39663461538461536 0.3088942307692308 0.057692307692307696 0.1045673076923077
1 0.44591346153846156 0.23076923076923078 0.057692307692307696 0.09254807692307693
1 0.5108173076923077 0.28365384615384615 0.057692307692307696 0.10096153846153846
1 0.5697115384615384 0.24879807692307693 0.06009615384615385 0.1045673076923077
1 0.6923076923076923 0.2776442307692308 0.05048076923076923 0.0889423076923077
1 0.7463942307692307 0.2848557692307692 0.042067307692307696 0.1045673076923077
1 0.8377403846153846 0.24879807692307693 0.06490384615384616 0.11298076923076923
1 0.9423076923076923 0.23677884615384615 0.06009615384615385 0.1045673076923077
1 0.34134615384615385 0.1971153846153846 0.052884615384615384 0.0889423076923077
1 0.9879807692307693 0.38341346153846156 0.020432692307692308 0.08413461538461539