1 0.19951923076923078 0.28846153846153844 0.04447115384615385 0.0625
1 0.3173076923076923 0.28725961538461536 0.04447115384615385 0.06610576923076923
1 0.4326923076923077 0.3125 0.055288461538461536 0.0733173076923077
1 0.09975961538461539 0.27524038461538464 0.025240384615384616 0.04447115384615385
1 0.3125 0.22235576923076922 0.030048076923076924 0.04807692307692308
1 0.24278846153846154 0.23197115384615385 0.020432692307692308 0.037259615384615384
1 0.4026442307692308 0.25721153846153844 0.04447115384615385 0.0733173076923077
1 0.8569711538461539 0.2848557692307692 0.04447115384615385 0.0625
1 0.7007211538461539 0.2403846153846154 0.042067307692307696 0.0625
1 0.5985576923076923 0.25240384615384615 0.042067307692307696 0.0625
2 0.7596153846153846 0.26322115384615385 0.03485576923076923 0.08413461538461539
1 0.8966346153846154 0.22115384615384615 0.027644230769230768 0.051682692307692304
1 0.10096153846153846 0.3269230769230769 0.018028846153846152 0.05889423076923077