0 0.8725961538461539 0.53125 0.1346153846153846 0.21754807692307693
1 0.5637019230769231 0.6850961538461539 0.13221153846153846 0.20192307692307693
1 0.45913461538461536 0.7920673076923077 0.07211538461538461 0.16105769230769232
1 0.3269230769230769 0.8185096153846154 0.125 0.20552884615384615
1 0.17908653846153846 0.7560096153846154 0.09254807692307693 0.15745192307692307
1 0.34134615384615385 0.46033653846153844 0.0673076923076923 0.1201923076923077
1 0.27524038461538464 0.421875 0.06971153846153846 0.10817307692307693
1 0.48677884615384615 0.3762019230769231 0.04807692307692308 0.08653846153846154
1 0.4338942307692308 0.3245192307692308 0.057692307692307696 0.08653846153846154
1 0.39903846153846156 0.21514423076923078 0.037259615384615384 0.06370192307692307
1 0.3137019230769231 0.19471153846153846 0.037259615384615384 0.06009615384615385
1 0.46153846153846156 0.20192307692307693 0.037259615384615384 0.06009615384615385
1 0.41466346153846156 0.15384615384615385 0.030048076923076924 0.04447115384615385
1 0.3473557692307692 0.14182692307692307 0.03485576923076923 0.04447115384615385
1 0.2548076923076923 0.1310096153846154 0.03485576923076923 0.037259615384615384
1 0.08052884615384616 0.1310096153846154 0.025240384615384616 0.030048076923076924