0 0.12259615384615384 0.53125 0.1346153846153846 0.21754807692307693
1 0.43149038461538464 0.6850961538461539 0.13221153846153846 0.20192307692307693
1 0.5360576923076923 0.7920673076923077 0.07211538461538461 0.16105769230769232
1 0.6670673076923077 0.8185096153846154 0.125 0.20552884615384615
1 0.8161057692307693 0.7560096153846154 0.09254807692307693 0.15745192307692307
1 0.6538461538461539 0.46033653846153844 0.0673076923076923 0.1201923076923077
1 0.7199519230769231 0.421875 0.06971153846153846 0.10817307692307693
1 0.5084134615384616 0.3762019230769231 0.04807692307692308 0.08653846153846154
1 0.5612980769230769 0.3245192307692308 0.057692307692307696 0.08653846153846154
1 0.5961538461538461 0.21514423076923078 0.037259615384615384 0.06370192307692307
1 0.6814903846153846 0.19471153846153846 0.037259615384615384 0.06009615384615385
1 0.5336538461538461 0.20192307692307693 0.037259615384615384 0.06009615384615385
1 0.5805288461538461 0.15384615384615385 0.030048076923076924 0.04447115384615385
1 0.6478365384615384 0.14182692307692307 0.03485576923076923 0.04447115384615385
1 0.7403846153846154 0.1310096153846154 0.03485576923076923 0.037259615384615384
1 0.9146634615384616 0.1310096153846154 0.025240384615384616 0.030048076923076924