1 0.5420673076923077 0.5829326923076923 0.09975961538461539 0.15384615384615385
1 0.030048076923076924 0.44350961538461536 0.020432692307692308 0.03365384615384615
1 0.12620192307692307 0.47716346153846156 0.007211538461538462 0.03365384615384615
1 0.23798076923076922 0.46875 0.014423076923076924 0.030048076923076924
1 0.2704326923076923 0.4567307692307692 0.020432692307692308 0.030048076923076924
1 0.375 0.47596153846153844 0.014423076923076924 0.037259615384615384
2 0.34615384615384615 0.44591346153846156 0.02283653846153846 0.037259615384615384
1 0.43149038461538464 0.4495192307692308 0.018028846153846152 0.037259615384615384
1 0.49278846153846156 0.45552884615384615 0.020432692307692308 0.040865384615384616
1 0.6526442307692307 0.4639423076923077 0.014423076923076924 0.037259615384615384
1 0.6947115384615384 0.4495192307692308 0.009615384615384616 0.030048076923076924
1 0.7367788461538461 0.47596153846153844 0.01201923076923077 0.030048076923076924
1 0.8713942307692307 0.3329326923076923 0.018028846153846152 0.02283653846153846
1 0.9375 0.45552884615384615 0.009615384615384616 0.026442307692307692
2 0.8858173076923077 0.45072115384615385 0.018028846153846152 0.03365384615384615
1 0.8882211538461539 0.3954326923076923 0.018028846153846152 0.026442307692307692