1 0.9711538461538461 0.15985576923076922 0.042067307692307696 0.08052884615384616
1 0.9122596153846154 0.20673076923076922 0.055288461538461536 0.10216346153846154
2 0.8966346153846154 0.3581730769230769 0.052884615384615384 0.09375
1 0.9483173076923077 0.8533653846153846 0.07692307692307693 0.14182692307692307
1 0.7355769230769231 0.1045673076923077 0.06009615384615385 0.08413461538461539
1 0.7211538461538461 0.38221153846153844 0.057692307692307696 0.11538461538461539
0 0.8293269230769231 0.6490384615384616 0.057692307692307696 0.13341346153846154
1 0.8713942307692307 0.7403846153846154 0.07211538461538461 0.13822115384615385
1 0.6189903846153846 0.9110576923076923 0.0673076923076923 0.13341346153846154
1 0.5084134615384616 0.1045673076923077 0.0673076923076923 0.10216346153846154
1 0.4963942307692308 0.2956730769230769 0.0625 0.11057692307692307
1 0.47836538461538464 0.6935096153846154 0.057692307692307696 0.09735576923076923
1 0.42788461538461536 0.7884615384615384 0.07451923076923077 0.12860576923076922
1 0.33533653846153844 0.10216346153846154 0.06009615384615385 0.09735576923076923
1 0.3545673076923077 0.375 0.055288461538461536 0.11057692307692307
1 0.24759615384615385 0.10216346153846154 0.06971153846153846 0.125
1 0.17067307692307693 0.03125 0.052884615384615384 0.0625
1 0.10096153846153846 0.19831730769230768 0.0673076923076923 0.10216346153846154
1 0.06490384615384616 0.5661057692307693 0.07451923076923077 0.11057692307692307