1 0.9122596153846154 0.23197115384615385 0.04447115384615385 0.0673076923076923
1 0.8088942307692307 0.1141826923076923 0.03245192307692308 0.04927884615384615
1 0.7415865384615384 0.28125 0.042067307692307696 0.06009615384615385
1 0.6262019230769231 0.08653846153846154 0.03245192307692308 0.04447115384615385
1 0.5829326923076923 0.14423076923076922 0.039663461538461536 0.06370192307692307
1 0.47836538461538464 0.35336538461538464 0.052884615384615384 0.08653846153846154
1 0.5408653846153846 0.08052884615384616 0.037259615384615384 0.056490384615384616
1 0.47716346153846156 0.09014423076923077 0.03485576923076923 0.052884615384615384
1 0.37740384615384615 0.2644230769230769 0.04447115384615385 0.07091346153846154
1 0.3894230769230769 0.20552884615384615 0.03485576923076923 0.052884615384615384
2 0.5745192307692307 0.07451923076923077 0.025240384615384616 0.030048076923076924
2 0.40384615384615385 0.09975961538461539 0.02283653846153846 0.040865384615384616
1 0.39783653846153844 0.039663461538461536 0.025240384615384616 0.03365384615384615
1 0.3317307692307692 0.13341346153846154 0.03245192307692308 0.040865384615384616
2 0.36778846153846156 0.02283653846153846 0.025240384615384616 0.037259615384615384
0 0.3004807692307692 0.07451923076923077 0.025240384615384616 0.04447115384615385
1 0.24759615384615385 0.054086538461538464 0.030048076923076924 0.04927884615384615
1 0.2283653846153846 0.057692307692307696 0.01201923076923077 0.03365384615384615
2 0.2704326923076923 0.05048076923076923 0.020432692307692308 0.03365384615384615
2 0.11538461538461539 0.056490384615384616 0.030048076923076924 0.037259615384615384
1 0.042067307692307696 0.09735576923076923 0.030048076923076924 0.04447115384615385