1 0.0625 0.23557692307692307 0.11538461538461539 0.22235576923076922
1 0.3389423076923077 0.375 0.07692307692307693 0.15504807692307693
1 0.4254807692307692 0.21754807692307693 0.03485576923076923 0.0889423076923077
1 0.5192307692307693 0.23798076923076922 0.0673076923076923 0.13822115384615385
1 0.8966346153846154 0.2620192307692308 0.037259615384615384 0.07091346153846154
2 0.9615384615384616 0.27283653846153844 0.03245192307692308 0.07572115384615384
2 0.78125 0.24278846153846154 0.042067307692307696 0.08413461538461539
2 0.71875 0.23317307692307693 0.037259615384615384 0.08413461538461539
2 0.6418269230769231 0.23798076923076922 0.042067307692307696 0.11057692307692307
2 0.2127403846153846 0.2536057692307692 0.055288461538461536 0.09735576923076923
2 0.15504807692307693 0.24639423076923078 0.025240384615384616 0.04927884615384615