1 0.2668269230769231 0.23557692307692307 0.042067307692307696 0.0889423076923077
1 0.40024038461538464 0.22235576923076922 0.05048076923076923 0.0889423076923077
1 0.7872596153846154 0.13581730769230768 0.05048076923076923 0.09375
1 0.8858173076923077 0.15144230769230768 0.007211538461538462 0.026442307692307692
2 0.6875 0.14423076923076922 0.004807692307692308 0.013221153846153846
1 0.6081730769230769 0.15384615384615385 0.007211538461538462 0.013221153846153846
1 0.5168269230769231 0.16947115384615385 0.002403846153846154 0.008413461538461538
1 0.5396634615384616 0.16466346153846154 0.004807692307692308 0.008413461538461538
1 0.5420673076923077 0.1622596153846154 0.004807692307692308 0.013221153846153846
1 0.5637019230769231 0.15504807692307693 0.002403846153846154 0.008413461538461538
1 0.5733173076923077 0.15985576923076922 0.002403846153846154 0.008413461538461538