2 0.09975961538461539 0.25600961538461536 0.06490384615384616 0.10817307692307693
1 0.23317307692307693 0.2091346153846154 0.042067307692307696 0.06971153846153846
1 0.27163461538461536 0.21153846153846154 0.03245192307692308 0.05048076923076923
1 0.3401442307692308 0.18990384615384615 0.03485576923076923 0.0625
1 0.21153846153846154 0.40865384615384615 0.0673076923076923 0.1045673076923077
1 0.3112980769230769 0.5276442307692307 0.09735576923076923 0.1622596153846154
1 0.3894230769230769 0.20552884615384615 0.025240384615384616 0.046875
1 0.41346153846153844 0.2403846153846154 0.03245192307692308 0.054086538461538464
1 0.4807692307692308 0.296875 0.04807692307692308 0.1045673076923077
1 0.5456730769230769 0.21514423076923078 0.03245192307692308 0.0733173076923077
1 0.6706730769230769 0.4326923076923077 0.08774038461538461 0.13581730769230768
1 0.8786057692307693 0.8629807692307693 0.1622596153846154 0.2439903846153846
1 0.7692307692307693 0.28125 0.057692307692307696 0.0889423076923077