1 0.413281 0.657292 0.298438 0.51875
1 0.413281 0.657292 0.298438 0.51875
1 0.425 0.644792 0.30625 0.49375
1 0.425 0.644792 0.30625 0.49375
1 0.48125 0.609375 0.28125 0.527083
1 0.48125 0.609375 0.28125 0.527083
1 0.48125 0.609375 0.28125 0.527083
1 0.504687 0.63125 0.28125 0.475
1 0.504687 0.63125 0.28125 0.475
1 0.504687 0.63125 0.28125 0.475
2 0.521094 0.616667 0.257812 0.45
2 0.521094 0.616667 0.257812 0.45
2 0.526563 0.623958 0.259375 0.46875
2 0.526563 0.623958 0.259375 0.46875
2 0.538281 0.619792 0.260938 0.44375
2 0.538281 0.619792 0.260938 0.44375
2 0.538281 0.619792 0.260938 0.44375
2 0.539844 0.627083 0.257812 0.433333
2 0.539844 0.627083 0.257812 0.433333
2 0.542188 0.620833 0.253125 0.416667
2 0.542188 0.620833 0.253125 0.416667
2 0.542188 0.620833 0.253125 0.416667
2 0.545313 0.61875 0.25625 0.4125
2 0.545313 0.61875 0.25625 0.4125
2 0.549219 0.614583 0.254687 0.4125
2 0.549219 0.614583 0.254687 0.4125
2 0.549219 0.614583 0.254687 0.4125
2 0.55 0.615625 0.25 0.410417
2 0.55 0.615625 0.25 0.410417
2 0.55 0.615625 0.25 0.410417
2 0.550781 0.615625 0.242188 0.414583
2 0.550781 0.615625 0.242188 0.414583
2 0.550781 0.615625 0.242188 0.414583
2 0.545313 0.614583 0.246875 0.404167
2 0.545313 0.614583 0.246875 0.404167
2 0.542188 0.620833 0.246875 0.433333
2 0.542188 0.620833 0.246875 0.433333
2 0.542188 0.620833 0.246875 0.433333
2 0.540625 0.613542 0.240625 0.422917
2 0.540625 0.613542 0.240625 0.422917
2 0.540625 0.613542 0.240625 0.422917
2 0.540625 0.619792 0.25 0.41875
2 0.540625 0.619792 0.25 0.41875
2 0.541406 0.61875 0.245312 0.429167
2 0.541406 0.61875 0.245312 0.429167
2 0.541406 0.61875 0.245312 0.429167
2 0.542969 0.615625 0.245312 0.41875
2 0.542969 0.615625 0.245312 0.41875
2 0.542969 0.615625 0.245312 0.41875
2 0.538281 0.621875 0.245312 0.435417
2 0.538281 0.621875 0.245312 0.435417
2 0.539062 0.620833 0.240625 0.354167
2 0.539062 0.620833 0.240625 0.354167
2 0.532812 0.611458 0.234375 0.43125
2 0.532812 0.611458 0.234375 0.43125
2 0.532812 0.611458 0.234375 0.43125
2 0.532812 0.611458 0.234375 0.41875
2 0.532812 0.611458 0.234375 0.41875
2 0.527344 0.610417 0.239063 0.420833
2 0.527344 0.610417 0.239063 0.420833
2 0.523438 0.613542 0.234375 0.41875
2 0.523438 0.613542 0.234375 0.41875
2 0.523438 0.613542 0.234375 0.41875
2 0.517969 0.60625 0.242188 0.420833
2 0.517969 0.60625 0.242188 0.420833
2 0.51875 0.607292 0.24375 0.41875
2 0.51875 0.607292 0.24375 0.41875
2 0.51875 0.607292 0.24375 0.41875
2 0.517969 0.605208 0.242188 0.414583
2 0.517969 0.605208 0.242188 0.414583
2 0.520312 0.604167 0.24375 0.416667
2 0.520312 0.604167 0.24375 0.416667
2 0.520312 0.604167 0.24375 0.416667
2 0.519531 0.608333 0.242188 0.4125
2 0.519531 0.608333 0.242188 0.4125
2 0.519531 0.611458 0.235938 0.410417
2 0.519531 0.611458 0.235938 0.410417
2 0.519531 0.611458 0.235938 0.410417
2 0.51875 0.609375 0.2375 0.40625
2 0.51875 0.609375 0.2375 0.40625
2 0.51875 0.609375 0.2375 0.40625
2 0.519531 0.598958 0.239063 0.40625
2 0.519531 0.598958 0.239063 0.40625
2 0.51875 0.608333 0.2375 0.416667
2 0.51875 0.608333 0.2375 0.416667
2 0.51875 0.608333 0.2375 0.416667
2 0.517187 0.60625 0.240625 0.4125
2 0.517187 0.60625 0.240625 0.4125
2 0.517187 0.604167 0.2375 0.4
2 0.517187 0.604167 0.2375 0.4
2 0.520312 0.607292 0.240625 0.41875
2 0.520312 0.607292 0.240625 0.41875
2 0.517187 0.605208 0.2375 0.422917
2 0.517187 0.605208 0.2375 0.422917
2 0.517187 0.605208 0.2375 0.422917
2 0.517187 0.607292 0.2375 0.41875
2 0.517187 0.607292 0.2375 0.41875
2 0.514063 0.607292 0.234375 0.422917
2 0.514063 0.607292 0.234375 0.422917
2 0.514063 0.607292 0.234375 0.422917
2 0.511719 0.611458 0.232812 0.41875
2 0.511719 0.611458 0.232812 0.41875
2 0.5125 0.613542 0.2375 0.422917
2 0.5125 0.613542 0.2375 0.422917
2 0.514844 0.60625 0.239063 0.4125
2 0.514844 0.60625 0.239063 0.4125
2 0.514844 0.60625 0.239063 0.4125
2 0.515625 0.6125 0.240625 0.416667
2 0.515625 0.6125 0.240625 0.416667
2 0.514844 0.608333 0.242188 0.420833
2 0.514844 0.608333 0.242188 0.420833
2 0.514844 0.608333 0.242188 0.420833
2 0.517187 0.608333 0.246875 0.4125
2 0.517187 0.608333 0.246875 0.4125
2 0.519531 0.614583 0.245312 0.4125
2 0.519531 0.614583 0.245312 0.4125
2 0.519531 0.614583 0.245312 0.4125
2 0.521875 0.614583 0.246875 0.416667
2 0.521875 0.614583 0.246875 0.416667
2 0.626562 0.622917 0.153125 0.404167
2 0.626562 0.622917 0.153125 0.404167
2 0.626562 0.622917 0.153125 0.404167
2 0.557813 0.598958 0.203125 0.385417
2 0.557813 0.598958 0.203125 0.385417
2 0.557813 0.598958 0.203125 0.385417
2 0.526563 0.602083 0.221875 0.4125
2 0.526563 0.602083 0.221875 0.4125
2 0.51875 0.60625 0.225 0.4125
2 0.51875 0.60625 0.225 0.4125
2 0.51875 0.60625 0.225 0.4125
2 0.510938 0.605208 0.228125 0.410417
2 0.510938 0.605208 0.228125 0.410417
0 0.496094 0.608333 0.232812 0.416667
2 0.501562 0.61875 0.225 0.3625
0 0.496094 0.608333 0.232812 0.416667
2 0.501562 0.61875 0.225 0.3625
0 0.496094 0.608333 0.232812 0.416667
2 0.501562 0.61875 0.225 0.3625
2 0.496875 0.613542 0.246875 0.414583
2 0.496875 0.613542 0.246875 0.414583
2 0.492969 0.610417 0.235938 0.4125
2 0.492969 0.610417 0.235938 0.4125
2 0.492969 0.610417 0.235938 0.4125
2 0.494531 0.620833 0.248437 0.4125
2 0.494531 0.620833 0.248437 0.4125
2 0.496094 0.615625 0.248437 0.410417
2 0.496094 0.615625 0.248437 0.410417
2 0.496094 0.615625 0.248437 0.410417
2 0.498437 0.6125 0.246875 0.408333
2 0.498437 0.6125 0.246875 0.408333
2 0.497656 0.615625 0.248437 0.397917
2 0.497656 0.615625 0.248437 0.397917
2 0.497656 0.615625 0.248437 0.397917
2 0.499219 0.617708 0.245312 0.414583
2 0.499219 0.617708 0.245312 0.414583
2 0.499219 0.613542 0.248437 0.40625
2 0.499219 0.613542 0.248437 0.40625
2 0.499219 0.613542 0.248437 0.40625
1 0.49375 0.609375 0.240625 0.422917
2 0.500781 0.61875 0.235938 0.370833
1 0.49375 0.609375 0.240625 0.422917
2 0.500781 0.61875 0.235938 0.370833
2 0.502344 0.609375 0.245312 0.414583
2 0.502344 0.609375 0.245312 0.414583
2 0.502344 0.609375 0.245312 0.414583
1 0.498437 0.614583 0.234375 0.429167
2 0.50625 0.6125 0.2375 0.425
1 0.498437 0.614583 0.234375 0.429167
2 0.50625 0.6125 0.2375 0.425
2 0.507031 0.610417 0.235938 0.425
2 0.507031 0.610417 0.235938 0.425
2 0.507031 0.610417 0.235938 0.425
2 0.50625 0.609375 0.2375 0.414583
2 0.50625 0.609375 0.2375 0.414583
2 0.508594 0.610417 0.232812 0.4125
2 0.508594 0.610417 0.232812 0.4125
2 0.50625 0.617708 0.228125 0.38125
2 0.50625 0.617708 0.228125 0.38125
2 0.50625 0.617708 0.228125 0.38125
0 0.5 0.608333 0.25 0.408333
2 0.502344 0.607292 0.245312 0.410417
0 0.5 0.608333 0.25 0.408333
2 0.502344 0.607292 0.245312 0.410417
2 0.504687 0.604167 0.234375 0.408333
2 0.504687 0.604167 0.234375 0.408333
2 0.504687 0.604167 0.234375 0.408333
2 0.5 0.60625 0.24375 0.425
2 0.5 0.60625 0.24375 0.425
2 0.492969 0.611458 0.239063 0.40625
2 0.492969 0.611458 0.239063 0.40625
2 0.492969 0.611458 0.239063 0.40625
2 0.485938 0.609375 0.23125 0.41875
2 0.485938 0.609375 0.23125 0.41875
0 0.489062 0.628125 0.240625 0.385417
2 0.489062 0.616667 0.246875 0.4
0 0.489062 0.628125 0.240625 0.385417
2 0.489062 0.616667 0.246875 0.4
2 0.492969 0.616667 0.248437 0.4
2 0.492969 0.616667 0.248437 0.4
2 0.5 0.604167 0.24375 0.416667
2 0.5 0.604167 0.24375 0.416667
2 0.5 0.604167 0.24375 0.416667
2 0.502344 0.613542 0.239063 0.41875
2 0.502344 0.613542 0.239063 0.41875
2 0.502344 0.613542 0.239063 0.41875
2 0.498437 0.622917 0.221875 0.4375
2 0.498437 0.622917 0.221875 0.4375
2 0.509375 0.613542 0.24375 0.422917
2 0.509375 0.613542 0.24375 0.422917
2 0.509375 0.613542 0.24375 0.422917
2 0.521094 0.611458 0.239063 0.414583
2 0.521094 0.611458 0.239063 0.414583
2 0.528125 0.611458 0.23125 0.414583
2 0.528125 0.611458 0.23125 0.414583
2 0.528125 0.611458 0.23125 0.414583
2 0.528906 0.609375 0.232812 0.414583
2 0.528906 0.609375 0.232812 0.414583
2 0.532812 0.610417 0.234375 0.4125
2 0.532812 0.610417 0.234375 0.4125
2 0.532812 0.610417 0.234375 0.4125
2 0.532031 0.608333 0.232812 0.408333
2 0.532031 0.608333 0.232812 0.408333
2 0.532031 0.608333 0.232812 0.408333
2 0.535156 0.615625 0.232812 0.422917
2 0.535156 0.615625 0.232812 0.422917
2 0.532812 0.611458 0.228125 0.414583
2 0.532812 0.611458 0.228125 0.414583
2 0.532812 0.611458 0.228125 0.414583
2 0.528125 0.610417 0.234375 0.420833
2 0.528125 0.610417 0.234375 0.420833
2 0.525 0.61875 0.2375 0.4125
2 0.525 0.61875 0.2375 0.4125
2 0.51875 0.619792 0.2375 0.414583
2 0.51875 0.619792 0.2375 0.414583
2 0.51875 0.619792 0.2375 0.414583
2 0.50625 0.627083 0.228125 0.3875
2 0.50625 0.627083 0.228125 0.3875
2 0.485938 0.622917 0.246875 0.470833
2 0.485938 0.622917 0.246875 0.470833
1 0.445312 0.6375 0.246875 0.508333
1 0.445312 0.6375 0.246875 0.508333
2 0.415625 0.658333 0.25 0.483333
2 0.415625 0.658333 0.25 0.483333
2 0.416406 0.660417 0.248437 0.4875
2 0.416406 0.660417 0.248437 0.4875
2 0.416406 0.660417 0.248437 0.4875
2 0.414062 0.659375 0.246875 0.49375
2 0.414062 0.659375 0.246875 0.49375
2 0.413281 0.658333 0.242188 0.475
2 0.413281 0.658333 0.242188 0.475
2 0.413281 0.658333 0.242188 0.475
2 0.452344 0.622917 0.229687 0.479167
2 0.452344 0.622917 0.229687 0.479167
2 0.455469 0.622917 0.220313 0.470833
2 0.455469 0.622917 0.220313 0.470833
2 0.457812 0.622917 0.228125 0.458333
2 0.457812 0.622917 0.228125 0.458333
2 0.457812 0.622917 0.228125 0.458333
2 0.427344 0.633333 0.248437 0.516667
2 0.427344 0.633333 0.248437 0.516667
2 0.434375 0.632292 0.24375 0.497917
2 0.434375 0.632292 0.24375 0.497917
2 0.434375 0.632292 0.24375 0.497917
2 0.439063 0.635417 0.246875 0.5125
2 0.439063 0.635417 0.246875 0.5125
2 0.44375 0.635417 0.2375 0.504167
2 0.44375 0.635417 0.2375 0.504167
2 0.44375 0.635417 0.2375 0.504167
2 0.440625 0.63125 0.234375 0.470833
2 0.440625 0.63125 0.234375 0.470833
2 0.439844 0.636458 0.239063 0.472917
2 0.439844 0.636458 0.239063 0.472917
2 0.439844 0.636458 0.239063 0.472917
2 0.4375 0.6375 0.23125 0.5
2 0.4375 0.6375 0.23125 0.5
2 0.439063 0.635417 0.234375 0.4875
2 0.439063 0.635417 0.234375 0.4875
2 0.439063 0.635417 0.234375 0.4875
2 0.439063 0.633333 0.24375 0.4875
2 0.439063 0.633333 0.24375 0.4875
2 0.435156 0.627083 0.248437 0.479167
2 0.435156 0.627083 0.248437 0.479167
2 0.435156 0.627083 0.248437 0.479167
2 0.438281 0.63125 0.248437 0.491667
2 0.438281 0.63125 0.248437 0.491667
2 0.438281 0.63125 0.248437 0.491667
2 0.434375 0.635417 0.25 0.470833
2 0.434375 0.635417 0.25 0.470833
2 0.432813 0.630208 0.246875 0.46875
2 0.432813 0.630208 0.246875 0.46875
2 0.432813 0.630208 0.246875 0.46875
2 0.433594 0.630208 0.248437 0.460417
2 0.433594 0.630208 0.248437 0.460417
2 0.433594 0.628125 0.248437 0.472917
2 0.433594 0.628125 0.248437 0.472917
2 0.433594 0.628125 0.248437 0.472917
2 0.43125 0.641667 0.246875 0.508333
2 0.43125 0.641667 0.246875 0.508333
2 0.422656 0.638542 0.254687 0.497917
2 0.422656 0.638542 0.254687 0.497917
2 0.422656 0.638542 0.254687 0.497917
2 0.426562 0.645833 0.25 0.466667
2 0.426562 0.645833 0.25 0.466667
2 0.429688 0.642708 0.25 0.485417
2 0.429688 0.642708 0.25 0.485417
2 0.429688 0.642708 0.25 0.485417
2 0.426562 0.648958 0.253125 0.464583
2 0.426562 0.648958 0.253125 0.464583
2 0.432031 0.634375 0.248437 0.48125
2 0.432031 0.634375 0.248437 0.48125
2 0.432031 0.634375 0.248437 0.48125
2 0.403125 0.641667 0.225 0.5
2 0.403125 0.641667 0.225 0.5
2 0.403125 0.641667 0.225 0.5
2 0.575 0.623958 0.178125 0.385417
2 0.575 0.623958 0.178125 0.385417
2 0.575 0.623958 0.178125 0.385417
2 0.599219 0.626042 0.167187 0.410417
2 0.599219 0.626042 0.167187 0.410417
2 0.59375 0.61875 0.19375 0.395833
2 0.59375 0.61875 0.19375 0.395833
2 0.59375 0.61875 0.19375 0.395833
2 0.585938 0.63125 0.20625 0.4125
2 0.585938 0.63125 0.20625 0.4125
2 0.573438 0.635417 0.228125 0.433333
2 0.573438 0.635417 0.228125 0.433333
2 0.554688 0.627083 0.21875 0.420833
2 0.554688 0.627083 0.21875 0.420833
2 0.53125 0.616667 0.228125 0.395833
2 0.53125 0.616667 0.228125 0.395833
2 0.53125 0.616667 0.228125 0.395833
2 0.5125 0.61875 0.225 0.404167
2 0.5125 0.61875 0.225 0.404167
2 0.503906 0.625 0.229687 0.408333
2 0.503906 0.625 0.229687 0.408333
2 0.499219 0.620833 0.229687 0.408333
2 0.499219 0.620833 0.229687 0.408333
2 0.499219 0.620833 0.229687 0.408333
2 0.496094 0.626042 0.226562 0.427083
2 0.496094 0.626042 0.226562 0.427083
2 0.494531 0.627083 0.220313 0.4375
2 0.494531 0.627083 0.220313 0.4375
2 0.49375 0.623958 0.23125 0.435417
2 0.49375 0.623958 0.23125 0.435417
2 0.49375 0.623958 0.23125 0.435417
2 0.492969 0.623958 0.226562 0.43125
2 0.492969 0.623958 0.226562 0.43125
2 0.492188 0.627083 0.23125 0.433333
2 0.492188 0.627083 0.23125 0.433333
2 0.492188 0.627083 0.23125 0.433333
2 0.490625 0.623958 0.225 0.40625
2 0.490625 0.623958 0.225 0.40625
2 0.490625 0.623958 0.225 0.40625
2 0.492969 0.620833 0.226562 0.420833
2 0.492969 0.620833 0.226562 0.420833
2 0.49375 0.626042 0.228125 0.43125
2 0.495313 0.620833 0.225 0.425
2 0.495313 0.620833 0.225 0.425
2 0.495313 0.620833 0.225 0.425
2 0.495313 0.61875 0.225 0.420833
2 0.495313 0.61875 0.225 0.420833
2 0.498437 0.620833 0.228125 0.416667
2 0.498437 0.620833 0.228125 0.416667
2 0.498437 0.620833 0.228125 0.416667
2 0.498437 0.620833 0.225 0.4375
2 0.498437 0.620833 0.225 0.4375
2 0.498437 0.627083 0.221875 0.425
2 0.498437 0.627083 0.221875 0.425
2 0.497656 0.625 0.223438 0.420833
2 0.497656 0.625 0.223438 0.420833
2 0.495313 0.630208 0.228125 0.435417
2 0.495313 0.630208 0.228125 0.435417
2 0.495313 0.625 0.228125 0.425
2 0.495313 0.625 0.228125 0.425
2 0.495313 0.625 0.228125 0.425
2 0.489062 0.613542 0.221875 0.422917
2 0.489062 0.613542 0.221875 0.422917
2 0.4625 0.601042 0.23125 0.427083
2 0.4625 0.601042 0.23125 0.427083
2 0.464844 0.602083 0.232812 0.429167
2 0.464844 0.602083 0.232812 0.429167
2 0.464844 0.602083 0.232812 0.429167
2 0.45625 0.589583 0.20625 0.404167
2 0.45625 0.589583 0.20625 0.404167
2 0.45625 0.589583 0.20625 0.404167
2 0.461719 0.605208 0.220313 0.427083
2 0.461719 0.605208 0.220313 0.427083
2 0.489062 0.616667 0.228125 0.441667
2 0.489062 0.616667 0.228125 0.441667
2 0.489062 0.616667 0.228125 0.441667
2 0.494531 0.622917 0.226562 0.458333
2 0.494531 0.622917 0.226562 0.458333
2 0.490625 0.619792 0.24375 0.46875
2 0.490625 0.619792 0.24375 0.46875
2 0.490625 0.619792 0.24375 0.46875
1 0.426562 0.61875 0.24375 0.475
1 0.426562 0.61875 0.24375 0.475
2 0.434375 0.626042 0.25 0.477083
2 0.434375 0.626042 0.25 0.477083
2 0.434375 0.626042 0.25 0.477083
2 0.4375 0.630208 0.24375 0.49375
2 0.4375 0.630208 0.24375 0.49375
2 0.486719 0.6375 0.248437 0.508333
2 0.486719 0.6375 0.248437 0.508333
2 0.488281 0.6375 0.245312 0.454167
2 0.488281 0.6375 0.245312 0.454167
2 0.488281 0.6375 0.245312 0.454167
