1 0.478906 0.723958 0.376563 0.552083
1 0.488281 0.71875 0.370313 0.5625
1 0.488281 0.71875 0.370313 0.5625
1 0.479688 0.719792 0.384375 0.535417
1 0.479688 0.719792 0.384375 0.535417
1 0.477344 0.714583 0.382812 0.541667
1 0.477344 0.714583 0.382812 0.541667
1 0.476562 0.716667 0.378125 0.525
1 0.476562 0.716667 0.378125 0.525
1 0.476562 0.716667 0.378125 0.525
1 0.472656 0.7125 0.382812 0.558333
1 0.472656 0.7125 0.382812 0.558333
1 0.478125 0.708333 0.384375 0.541667
1 0.478125 0.708333 0.384375 0.541667
1 0.475781 0.709375 0.382812 0.560417
1 0.475781 0.709375 0.382812 0.560417
1 0.475781 0.709375 0.382812 0.560417
1 0.471875 0.709375 0.38125 0.54375
1 0.471875 0.709375 0.38125 0.54375
1 0.478906 0.711458 0.376563 0.535417
1 0.478906 0.711458 0.376563 0.535417
1 0.48125 0.713542 0.375 0.560417
1 0.48125 0.713542 0.375 0.560417
1 0.470313 0.727083 0.378125 0.520833
1 0.470313 0.727083 0.378125 0.520833
1 0.473437 0.719792 0.36875 0.527083
1 0.473437 0.719792 0.36875 0.527083
1 0.473437 0.719792 0.36875 0.527083
1 0.475 0.726042 0.38125 0.522917
1 0.475 0.726042 0.38125 0.522917
1 0.471875 0.722917 0.371875 0.520833
1 0.471875 0.722917 0.371875 0.520833
1 0.471094 0.720833 0.370313 0.529167
1 0.471094 0.720833 0.370313 0.529167
1 0.467969 0.71875 0.376563 0.508333
1 0.467969 0.71875 0.376563 0.508333
1 0.467969 0.71875 0.376563 0.508333
1 0.465625 0.719792 0.375 0.527083
1 0.465625 0.719792 0.375 0.527083
1 0.459375 0.703125 0.36875 0.539583
1 0.459375 0.703125 0.36875 0.539583
1 0.459375 0.703125 0.36875 0.539583
1 0.440625 0.705208 0.375 0.514583
1 0.440625 0.705208 0.375 0.514583
1 0.464844 0.701042 0.354688 0.552083
1 0.464844 0.701042 0.354688 0.552083
1 0.460156 0.698958 0.351562 0.547917
1 0.460156 0.698958 0.351562 0.547917
1 0.461719 0.702083 0.348437 0.529167
1 0.461719 0.702083 0.348437 0.529167
1 0.469531 0.7125 0.364062 0.516667
1 0.469531 0.7125 0.364062 0.516667
1 0.471875 0.714583 0.375 0.516667
1 0.471875 0.714583 0.375 0.516667
1 0.471875 0.714583 0.375 0.516667
1 0.470313 0.713542 0.378125 0.53125
1 0.470313 0.713542 0.378125 0.53125
1 0.469531 0.717708 0.367188 0.514583
1 0.469531 0.717708 0.367188 0.514583
1 0.470313 0.710417 0.3625 0.525
1 0.470313 0.710417 0.3625 0.525
1 0.470313 0.710417 0.3625 0.525
1 0.466406 0.713542 0.385938 0.514583
1 0.466406 0.713542 0.385938 0.514583
1 0.467969 0.709375 0.376563 0.514583
1 0.467969 0.709375 0.376563 0.514583
1 0.470313 0.70625 0.375 0.529167
1 0.470313 0.70625 0.375 0.529167
1 0.473437 0.710417 0.371875 0.545833
1 0.473437 0.710417 0.371875 0.545833
1 0.473437 0.710417 0.371875 0.545833
1 0.472656 0.703125 0.376563 0.539583
1 0.472656 0.703125 0.376563 0.539583
1 0.472656 0.713542 0.367188 0.535417
1 0.472656 0.713542 0.367188 0.535417
1 0.482812 0.70625 0.365625 0.570833
1 0.482812 0.70625 0.365625 0.570833
1 0.482812 0.70625 0.365625 0.570833
1 0.476562 0.713542 0.371875 0.514583
1 0.476562 0.713542 0.371875 0.514583
1 0.473437 0.711458 0.384375 0.53125
1 0.473437 0.711458 0.384375 0.53125
1 0.473437 0.711458 0.384375 0.53125
1 0.476562 0.704167 0.371875 0.525
1 0.476562 0.704167 0.371875 0.525
1 0.471875 0.672917 0.3375 0.5625
1 0.471875 0.672917 0.3375 0.5625
1 0.478125 0.6625 0.29375 0.533333
1 0.478125 0.6625 0.29375 0.533333
2 0.4875 0.633333 0.2375 0.366667
2 0.4875 0.633333 0.2375 0.366667
0 0.491406 0.65625 0.229687 0.3625
2 0.490625 0.659375 0.2375 0.427083
0 0.491406 0.65625 0.229687 0.3625
2 0.490625 0.659375 0.2375 0.427083
2 0.500781 0.657292 0.214062 0.347917
0 0.499219 0.6625 0.226562 0.375
2 0.500781 0.657292 0.214062 0.347917
0 0.499219 0.6625 0.226562 0.375
2 0.501562 0.671875 0.209375 0.33125
2 0.501562 0.671875 0.209375 0.33125
2 0.496875 0.665625 0.2 0.339583
2 0.496875 0.665625 0.2 0.339583
2 0.496875 0.665625 0.2 0.339583
0 0.486719 0.6625 0.195312 0.316667
2 0.486719 0.666667 0.195312 0.354167
0 0.486719 0.6625 0.195312 0.316667
2 0.486719 0.666667 0.195312 0.354167
2 0.483594 0.670833 0.198437 0.375
0 0.483594 0.676042 0.201562 0.389583
2 0.483594 0.670833 0.198437 0.375
0 0.483594 0.676042 0.201562 0.389583
0 0.480469 0.673958 0.204688 0.38125
2 0.479688 0.671875 0.203125 0.36875
0 0.480469 0.673958 0.204688 0.38125
2 0.479688 0.671875 0.203125 0.36875
0 0.478125 0.671875 0.209375 0.389583
2 0.478125 0.669792 0.20625 0.377083
0 0.478125 0.671875 0.209375 0.389583
2 0.478125 0.669792 0.20625 0.377083
0 0.479688 0.665625 0.20625 0.352083
2 0.479688 0.669792 0.209375 0.36875
0 0.479688 0.665625 0.20625 0.352083
2 0.479688 0.669792 0.209375 0.36875
2 0.484375 0.675 0.2125 0.379167
2 0.484375 0.675 0.2125 0.379167
2 0.4875 0.675 0.2125 0.3625
2 0.4875 0.675 0.2125 0.3625
2 0.489062 0.677083 0.209375 0.370833
2 0.489062 0.677083 0.209375 0.370833
2 0.489062 0.677083 0.209375 0.370833
2 0.489062 0.672917 0.209375 0.345833
2 0.489062 0.672917 0.209375 0.345833
2 0.4875 0.670833 0.20625 0.341667
2 0.4875 0.670833 0.20625 0.341667
2 0.484375 0.673958 0.20625 0.347917
2 0.484375 0.673958 0.20625 0.347917
2 0.484375 0.673958 0.20625 0.347917
2 0.482031 0.66875 0.204688 0.3375
2 0.479688 0.670833 0.209375 0.3375
2 0.479688 0.670833 0.209375 0.3375
2 0.479688 0.670833 0.209375 0.3375
2 0.476562 0.673958 0.20625 0.35625
0 0.470313 0.672917 0.203125 0.345833
2 0.475 0.670833 0.20625 0.3625
0 0.470313 0.672917 0.203125 0.345833
2 0.475 0.670833 0.20625 0.3625
0 0.470313 0.672917 0.203125 0.345833
2 0.475 0.670833 0.20625 0.3625
0 0.472656 0.679167 0.210938 0.375
2 0.472656 0.673958 0.207813 0.36875
2 0.472656 0.671875 0.207813 0.364583
0 0.471875 0.676042 0.2125 0.36875
2 0.472656 0.671875 0.207813 0.364583
0 0.471875 0.676042 0.2125 0.36875
2 0.472656 0.671875 0.207813 0.364583
0 0.471875 0.676042 0.2125 0.36875
2 0.472656 0.671875 0.207813 0.364583
0 0.471875 0.676042 0.2125 0.36875
0 0.471875 0.676042 0.209375 0.38125
2 0.471875 0.671875 0.20625 0.372917
0 0.471875 0.676042 0.209375 0.38125
2 0.471875 0.671875 0.20625 0.372917
0 0.471875 0.676042 0.209375 0.38125
2 0.471875 0.671875 0.20625 0.372917
0 0.471875 0.676042 0.209375 0.38125
2 0.471875 0.671875 0.20625 0.372917
0 0.471875 0.676042 0.209375 0.38125
2 0.471875 0.671875 0.20625 0.372917
2 0.470313 0.673958 0.2125 0.372917
2 0.470313 0.673958 0.2125 0.372917
2 0.470313 0.673958 0.2125 0.372917
2 0.470313 0.673958 0.2125 0.372917
2 0.470313 0.673958 0.2125 0.372917
2 0.470313 0.673958 0.2125 0.372917
2 0.473437 0.670833 0.209375 0.3625
2 0.473437 0.670833 0.209375 0.3625
2 0.473437 0.670833 0.209375 0.3625
2 0.473437 0.670833 0.209375 0.3625
2 0.473437 0.670833 0.209375 0.3625
2 0.473437 0.670833 0.209375 0.3625
2 0.475 0.672917 0.2125 0.3625
2 0.475 0.672917 0.2125 0.3625
2 0.475 0.672917 0.2125 0.3625
2 0.475 0.672917 0.2125 0.3625
2 0.475 0.664583 0.215625 0.3375
2 0.475 0.664583 0.215625 0.3375
2 0.475 0.664583 0.215625 0.3375
2 0.475 0.664583 0.215625 0.3375
2 0.475 0.664583 0.215625 0.3375
2 0.475 0.664583 0.215625 0.3375
2 0.474219 0.669792 0.207813 0.352083
2 0.474219 0.669792 0.207813 0.352083
2 0.474219 0.669792 0.207813 0.352083
2 0.474219 0.669792 0.207813 0.352083
2 0.474219 0.670833 0.210938 0.35
2 0.474219 0.670833 0.210938 0.35
2 0.474219 0.670833 0.210938 0.35
2 0.474219 0.670833 0.210938 0.35
2 0.474219 0.670833 0.210938 0.35
2 0.475 0.675 0.2125 0.3625
2 0.475 0.675 0.2125 0.3625
2 0.475 0.675 0.2125 0.3625
2 0.475 0.675 0.2125 0.3625
2 0.475 0.675 0.2125 0.3625
2 0.475 0.670833 0.2125 0.354167
2 0.475 0.670833 0.2125 0.354167
2 0.475 0.670833 0.2125 0.354167
