1 0.589063 0.723958 0.315625 0.552083
1 0.569531 0.711458 0.364062 0.577083
1 0.569531 0.711458 0.364062 0.577083
1 0.576563 0.719792 0.359375 0.560417
1 0.576563 0.719792 0.359375 0.560417
1 0.576563 0.719792 0.359375 0.560417
1 0.575781 0.701042 0.323438 0.597917
1 0.575781 0.701042 0.323438 0.597917
1 0.546875 0.69375 0.375 0.5375
1 0.546875 0.69375 0.375 0.5375
1 0.551562 0.708333 0.353125 0.558333
1 0.551562 0.708333 0.353125 0.558333
1 0.558594 0.7 0.351562 0.583333
1 0.558594 0.7 0.351562 0.583333
1 0.551562 0.690625 0.3625 0.527083
1 0.551562 0.690625 0.3625 0.527083
1 0.551562 0.690625 0.3625 0.527083
1 0.553125 0.698958 0.359375 0.514583
1 0.553125 0.698958 0.359375 0.514583
1 0.46875 0.645833 0.3 0.483333
1 0.46875 0.645833 0.3 0.483333
1 0.46875 0.645833 0.3 0.483333
2 0.492188 0.647917 0.290625 0.445833
1 0.486719 0.653125 0.295312 0.460417
2 0.492188 0.647917 0.290625 0.445833
1 0.486719 0.653125 0.295312 0.460417
2 0.490625 0.658333 0.265625 0.433333
2 0.490625 0.658333 0.265625 0.433333
2 0.496875 0.651042 0.253125 0.39375
2 0.496875 0.651042 0.253125 0.39375
2 0.499219 0.65625 0.248437 0.404167
2 0.499219 0.65625 0.248437 0.404167
0 0.489844 0.659375 0.229687 0.389583
2 0.496094 0.653125 0.242188 0.422917
0 0.489844 0.659375 0.229687 0.389583
2 0.496094 0.653125 0.242188 0.422917
0 0.485938 0.659375 0.228125 0.385417
2 0.492969 0.647917 0.245312 0.420833
0 0.485938 0.659375 0.228125 0.385417
2 0.492969 0.647917 0.245312 0.420833
0 0.485938 0.659375 0.228125 0.385417
2 0.492969 0.647917 0.245312 0.420833
0 0.482031 0.661458 0.235938 0.38125
2 0.489062 0.648958 0.246875 0.414583
0 0.482031 0.661458 0.235938 0.38125
2 0.489062 0.648958 0.246875 0.414583
0 0.482031 0.661458 0.235938 0.372917
2 0.488281 0.65 0.245312 0.420833
0 0.482031 0.661458 0.235938 0.372917
2 0.488281 0.65 0.245312 0.420833
0 0.483594 0.659375 0.232812 0.377083
2 0.489062 0.646875 0.246875 0.414583
0 0.483594 0.659375 0.232812 0.377083
2 0.489062 0.646875 0.246875 0.414583
2 0.489844 0.644792 0.245312 0.397917
2 0.489844 0.644792 0.245312 0.397917
0 0.483594 0.6625 0.229687 0.358333
2 0.485938 0.647917 0.234375 0.408333
0 0.483594 0.6625 0.229687 0.358333
2 0.485938 0.647917 0.234375 0.408333
0 0.483594 0.657292 0.235938 0.410417
2 0.482812 0.659375 0.234375 0.410417
0 0.483594 0.657292 0.235938 0.410417
2 0.482812 0.659375 0.234375 0.410417
2 0.484375 0.659375 0.2375 0.410417
2 0.484375 0.659375 0.2375 0.410417
2 0.482812 0.657292 0.24375 0.410417
2 0.482812 0.657292 0.24375 0.410417
2 0.482812 0.657292 0.24375 0.410417
2 0.482031 0.652083 0.242188 0.404167
2 0.482031 0.652083 0.242188 0.404167
2 0.48125 0.652083 0.24375 0.404167
2 0.48125 0.652083 0.24375 0.404167
2 0.479688 0.652083 0.240625 0.420833
2 0.479688 0.652083 0.240625 0.420833
2 0.478125 0.658333 0.24375 0.4125
2 0.478125 0.658333 0.24375 0.4125
2 0.475 0.661458 0.246875 0.447917
2 0.475 0.661458 0.246875 0.447917
2 0.474219 0.658333 0.245312 0.416667
2 0.474219 0.658333 0.245312 0.416667
2 0.474219 0.65625 0.245312 0.429167
2 0.474219 0.65625 0.245312 0.429167
2 0.472656 0.651042 0.248437 0.410417
2 0.473437 0.651042 0.246875 0.43125
2 0.473437 0.651042 0.246875 0.43125
2 0.475 0.653125 0.246875 0.422917
2 0.475 0.653125 0.246875 0.422917
2 0.475 0.653125 0.246875 0.422917
2 0.473437 0.653125 0.24375 0.43125
2 0.471875 0.655208 0.240625 0.427083
2 0.471875 0.655208 0.240625 0.427083
2 0.471875 0.655208 0.240625 0.427083
2 0.470313 0.659375 0.234375 0.40625
2 0.470313 0.659375 0.234375 0.40625
2 0.470313 0.659375 0.234375 0.40625
2 0.470313 0.659375 0.234375 0.40625
0 0.465625 0.663542 0.228125 0.389583
2 0.471875 0.660417 0.2375 0.420833
0 0.465625 0.663542 0.228125 0.389583
2 0.471875 0.660417 0.2375 0.420833
0 0.465625 0.663542 0.228125 0.389583
2 0.471875 0.660417 0.2375 0.420833
0 0.465625 0.663542 0.228125 0.389583
2 0.471875 0.660417 0.2375 0.420833
0 0.467187 0.664583 0.228125 0.379167
2 0.472656 0.660417 0.242188 0.4125
0 0.467187 0.664583 0.228125 0.379167
2 0.472656 0.660417 0.242188 0.4125
0 0.467187 0.664583 0.228125 0.379167
2 0.472656 0.660417 0.242188 0.4125
0 0.467187 0.664583 0.228125 0.379167
2 0.472656 0.660417 0.242188 0.4125
2 0.471094 0.658333 0.239063 0.416667
2 0.471094 0.658333 0.239063 0.416667
2 0.471094 0.658333 0.239063 0.416667
2 0.471094 0.658333 0.239063 0.416667
2 0.471094 0.658333 0.239063 0.416667
2 0.469531 0.660417 0.239063 0.416667
2 0.469531 0.660417 0.239063 0.416667
2 0.469531 0.660417 0.239063 0.416667
2 0.469531 0.660417 0.239063 0.416667
2 0.470313 0.653125 0.25 0.40625
2 0.470313 0.653125 0.25 0.40625
2 0.470313 0.653125 0.25 0.40625
2 0.470313 0.653125 0.25 0.40625
0 0.46875 0.665625 0.2375 0.38125
2 0.471094 0.658333 0.245312 0.416667
0 0.46875 0.665625 0.2375 0.38125
2 0.471094 0.658333 0.245312 0.416667
0 0.46875 0.665625 0.2375 0.38125
2 0.471094 0.658333 0.245312 0.416667
0 0.46875 0.665625 0.2375 0.38125
2 0.471094 0.658333 0.245312 0.416667
2 0.471875 0.658333 0.24375 0.408333
2 0.471875 0.658333 0.24375 0.408333
2 0.471875 0.658333 0.24375 0.408333
2 0.471875 0.658333 0.24375 0.408333
2 0.471875 0.6625 0.24375 0.416667
2 0.471875 0.6625 0.24375 0.416667
2 0.471875 0.6625 0.24375 0.416667
2 0.471875 0.6625 0.24375 0.416667
2 0.471875 0.6625 0.24375 0.416667
2 0.469531 0.660417 0.239063 0.4
2 0.469531 0.660417 0.239063 0.4
2 0.469531 0.660417 0.239063 0.4
2 0.469531 0.660417 0.239063 0.4
0 0.470313 0.657292 0.246875 0.40625
2 0.470313 0.6625 0.240625 0.408333
0 0.470313 0.657292 0.246875 0.40625
2 0.470313 0.6625 0.240625 0.408333
0 0.470313 0.657292 0.246875 0.40625
2 0.470313 0.6625 0.240625 0.408333
0 0.470313 0.657292 0.246875 0.40625
2 0.470313 0.6625 0.240625 0.408333
2 0.465625 0.665625 0.246875 0.402083
2 0.465625 0.665625 0.246875 0.402083
2 0.465625 0.665625 0.246875 0.402083
2 0.465625 0.665625 0.246875 0.402083
2 0.465625 0.665625 0.246875 0.402083
1 0.376563 0.6875 0.35625 0.495833
1 0.376563 0.6875 0.35625 0.495833
1 0.376563 0.6875 0.35625 0.495833
1 0.376563 0.6875 0.35625 0.495833
1 0.376563 0.6875 0.35625 0.495833
1 0.375 0.69375 0.340625 0.479167
1 0.375 0.69375 0.340625 0.479167
1 0.375 0.69375 0.340625 0.479167
1 0.375 0.69375 0.340625 0.479167
1 0.375 0.69375 0.340625 0.479167
