0 0.615625 0.226042 0.3875 0.335417
0 0.615625 0.226042 0.3875 0.335417
0 0.615625 0.226042 0.3875 0.335417
0 0.615625 0.226042 0.3875 0.335417
0 0.665625 0.267708 0.39375 0.41875
0 0.665625 0.267708 0.39375 0.41875
0 0.665625 0.267708 0.39375 0.41875
0 0.665625 0.267708 0.39375 0.41875
0 0.665625 0.267708 0.39375 0.41875
0 0.665625 0.267708 0.39375 0.41875
0 0.664062 0.264583 0.390625 0.420833
0 0.664062 0.264583 0.390625 0.420833
0 0.664062 0.264583 0.390625 0.420833
0 0.664062 0.264583 0.390625 0.420833
0 0.664062 0.264583 0.390625 0.420833
0 0.664062 0.264583 0.390625 0.420833
0 0.663281 0.265625 0.392188 0.422917
0 0.663281 0.265625 0.392188 0.422917
0 0.663281 0.265625 0.392188 0.422917
0 0.663281 0.265625 0.392188 0.422917
0 0.663281 0.265625 0.392188 0.422917
0 0.663281 0.265625 0.392188 0.422917
0 0.664062 0.270833 0.390625 0.433333
0 0.664062 0.270833 0.390625 0.433333
0 0.664062 0.270833 0.390625 0.433333
0 0.664062 0.270833 0.390625 0.433333
0 0.664062 0.270833 0.390625 0.433333
0 0.664062 0.270833 0.390625 0.433333
0 0.6625 0.269792 0.396875 0.43125
0 0.6625 0.269792 0.396875 0.43125
0 0.6625 0.269792 0.396875 0.43125
0 0.6625 0.269792 0.396875 0.43125
0 0.6625 0.269792 0.396875 0.43125
0 0.6625 0.269792 0.396875 0.43125
0 0.663281 0.270833 0.395312 0.425
0 0.663281 0.270833 0.395312 0.425
0 0.663281 0.270833 0.395312 0.425
0 0.663281 0.270833 0.395312 0.425
0 0.663281 0.270833 0.395312 0.425
0 0.663281 0.270833 0.395312 0.425
0 0.663281 0.270833 0.395312 0.425
0 0.664844 0.266667 0.404687 0.425
0 0.664844 0.266667 0.404687 0.425
0 0.664844 0.266667 0.404687 0.425
0 0.664844 0.266667 0.404687 0.425
0 0.664844 0.266667 0.404687 0.425
0 0.664844 0.266667 0.404687 0.425
0 0.664844 0.266667 0.404687 0.425
0 0.665625 0.265625 0.4125 0.414583
0 0.665625 0.265625 0.4125 0.414583
0 0.665625 0.265625 0.4125 0.414583
0 0.665625 0.265625 0.4125 0.414583
0 0.665625 0.265625 0.4125 0.414583
0 0.665625 0.265625 0.4125 0.414583
0 0.664844 0.26875 0.398438 0.420833
0 0.664844 0.26875 0.398438 0.420833
0 0.664844 0.26875 0.398438 0.420833
0 0.664844 0.26875 0.398438 0.420833
0 0.664844 0.26875 0.398438 0.420833
0 0.664844 0.26875 0.398438 0.420833
0 0.664844 0.26875 0.398438 0.420833
0 0.664062 0.266667 0.396875 0.416667
0 0.664062 0.266667 0.396875 0.416667
0 0.664062 0.266667 0.396875 0.416667
0 0.664062 0.266667 0.396875 0.416667
0 0.664062 0.266667 0.396875 0.416667
0 0.664062 0.266667 0.396875 0.416667
0 0.665625 0.263542 0.375 0.422917
0 0.665625 0.263542 0.375 0.422917
0 0.665625 0.263542 0.375 0.422917
0 0.665625 0.263542 0.375 0.422917
0 0.665625 0.263542 0.375 0.422917
0 0.664062 0.266667 0.38125 0.429167
0 0.664062 0.266667 0.38125 0.429167
0 0.664062 0.266667 0.38125 0.429167
0 0.664062 0.266667 0.38125 0.429167
0 0.664062 0.266667 0.38125 0.429167
0 0.664062 0.267708 0.384375 0.427083
0 0.664062 0.267708 0.384375 0.427083
0 0.664062 0.267708 0.384375 0.427083
0 0.664062 0.267708 0.384375 0.427083
0 0.664062 0.267708 0.384375 0.427083
0 0.664062 0.267708 0.384375 0.427083
0 0.664062 0.271875 0.384375 0.422917
0 0.664062 0.271875 0.384375 0.422917
0 0.664062 0.271875 0.384375 0.422917
0 0.664062 0.271875 0.384375 0.422917
0 0.664062 0.271875 0.384375 0.422917
0 0.664062 0.271875 0.384375 0.422917
0 0.663281 0.270833 0.385938 0.429167
0 0.663281 0.270833 0.385938 0.429167
0 0.663281 0.270833 0.385938 0.429167
0 0.663281 0.270833 0.385938 0.429167
0 0.663281 0.270833 0.385938 0.429167
0 0.663281 0.270833 0.385938 0.429167
0 0.663281 0.270833 0.385938 0.429167
0 0.663281 0.26875 0.389062 0.425
0 0.663281 0.26875 0.389062 0.425
0 0.663281 0.26875 0.389062 0.425
0 0.663281 0.26875 0.389062 0.425
0 0.663281 0.26875 0.389062 0.425
0 0.663281 0.26875 0.389062 0.425
0 0.663281 0.26875 0.389062 0.429167
0 0.663281 0.26875 0.389062 0.429167
0 0.663281 0.26875 0.389062 0.429167
0 0.663281 0.26875 0.389062 0.429167
0 0.663281 0.26875 0.389062 0.429167
0 0.663281 0.26875 0.389062 0.429167
0 0.664062 0.266667 0.3875 0.420833
0 0.664062 0.266667 0.3875 0.420833
0 0.664062 0.266667 0.3875 0.420833
0 0.664062 0.266667 0.3875 0.420833
0 0.664062 0.266667 0.3875 0.420833
0 0.666406 0.264583 0.389062 0.425
0 0.666406 0.264583 0.389062 0.425
0 0.666406 0.264583 0.389062 0.425
0 0.666406 0.264583 0.389062 0.425
0 0.666406 0.264583 0.389062 0.425
0 0.666406 0.264583 0.389062 0.425
0 0.666406 0.264583 0.389062 0.425
0 0.664844 0.264583 0.379687 0.416667
0 0.664844 0.264583 0.379687 0.416667
0 0.664844 0.264583 0.379687 0.416667
0 0.664844 0.264583 0.379687 0.416667
0 0.664844 0.264583 0.379687 0.416667
0 0.664844 0.264583 0.379687 0.416667
0 0.6625 0.266667 0.3875 0.425
0 0.6625 0.266667 0.3875 0.425
0 0.6625 0.266667 0.3875 0.425
0 0.6625 0.266667 0.3875 0.425
0 0.6625 0.266667 0.3875 0.425
0 0.6625 0.266667 0.3875 0.425
0 0.6625 0.266667 0.3875 0.425
0 0.664062 0.265625 0.3875 0.41875
0 0.664062 0.265625 0.3875 0.41875
0 0.664062 0.265625 0.3875 0.41875
0 0.664062 0.265625 0.3875 0.41875
0 0.664062 0.265625 0.3875 0.41875
0 0.664062 0.265625 0.3875 0.41875
0 0.664062 0.265625 0.384375 0.410417
0 0.664062 0.265625 0.384375 0.410417
0 0.664062 0.265625 0.384375 0.410417
0 0.664062 0.267708 0.384375 0.414583
0 0.664062 0.267708 0.384375 0.414583
0 0.664062 0.267708 0.384375 0.414583
0 0.664062 0.267708 0.384375 0.414583
0 0.664062 0.267708 0.384375 0.414583
0 0.664062 0.267708 0.384375 0.414583
0 0.665625 0.263542 0.378125 0.41875
0 0.665625 0.263542 0.378125 0.41875
0 0.665625 0.263542 0.378125 0.41875
0 0.665625 0.263542 0.378125 0.41875
0 0.665625 0.263542 0.378125 0.41875
0 0.665625 0.263542 0.378125 0.41875
0 0.665625 0.263542 0.378125 0.41875
0 0.627344 0.229167 0.414062 0.354167
0 0.627344 0.229167 0.414062 0.354167
0 0.627344 0.229167 0.414062 0.354167
0 0.627344 0.229167 0.414062 0.354167
0 0.627344 0.229167 0.414062 0.354167
0 0.627344 0.229167 0.414062 0.354167
0 0.611719 0.226042 0.392188 0.35625
0 0.611719 0.226042 0.392188 0.35625
0 0.611719 0.226042 0.392188 0.35625
0 0.611719 0.226042 0.392188 0.35625
0 0.611719 0.226042 0.392188 0.35625
0 0.611719 0.226042 0.392188 0.35625
0 0.611719 0.226042 0.392188 0.35625
