2 0.56875 0.708333 0.390625 0.541667
1 0.555469 0.695833 0.364062 0.5
1 0.555469 0.695833 0.364062 0.5
2 0.554688 0.644792 0.328125 0.502083
2 0.554688 0.644792 0.328125 0.502083
2 0.542969 0.64375 0.304688 0.470833
2 0.542969 0.64375 0.304688 0.470833
2 0.532812 0.640625 0.271875 0.44375
2 0.532812 0.640625 0.271875 0.44375
2 0.528906 0.633333 0.251563 0.366667
2 0.528906 0.633333 0.251563 0.366667
2 0.525781 0.6375 0.220313 0.345833
2 0.525781 0.6375 0.220313 0.345833
2 0.525781 0.6375 0.220313 0.345833
2 0.519531 0.645833 0.207813 0.341667
2 0.519531 0.645833 0.207813 0.341667
0 0.50625 0.660417 0.2 0.3375
2 0.50625 0.652083 0.19375 0.325
0 0.50625 0.660417 0.2 0.3375
2 0.50625 0.652083 0.19375 0.325
2 0.496875 0.65625 0.2 0.345833
0 0.494531 0.657292 0.192188 0.327083
2 0.496875 0.65625 0.2 0.345833
0 0.494531 0.657292 0.192188 0.327083
2 0.496875 0.65625 0.2 0.345833
0 0.494531 0.657292 0.192188 0.327083
2 0.484375 0.654167 0.20625 0.3375
0 0.482812 0.65 0.203125 0.35
2 0.484375 0.654167 0.20625 0.3375
0 0.482812 0.65 0.203125 0.35
0 0.480469 0.658333 0.204688 0.375
0 0.480469 0.658333 0.204688 0.375
0 0.473437 0.65625 0.203125 0.35
0 0.473437 0.65625 0.203125 0.35
0 0.472656 0.666667 0.207813 0.3625
0 0.472656 0.666667 0.207813 0.3625
0 0.472656 0.666667 0.207813 0.3625
2 0.470313 0.667708 0.184375 0.347917
0 0.476562 0.685417 0.203125 0.404167
2 0.470313 0.667708 0.184375 0.347917
0 0.476562 0.685417 0.203125 0.404167
2 0.472656 0.663542 0.179688 0.339583
0 0.477344 0.664583 0.204688 0.3625
2 0.472656 0.663542 0.179688 0.339583
0 0.477344 0.664583 0.204688 0.3625
0 0.482812 0.669792 0.20625 0.360417
2 0.482031 0.672917 0.207813 0.379167
0 0.482812 0.669792 0.20625 0.360417
2 0.482031 0.672917 0.207813 0.379167
2 0.489844 0.659375 0.207813 0.327083
0 0.489844 0.665625 0.214062 0.34375
2 0.489844 0.659375 0.207813 0.327083
0 0.489844 0.665625 0.214062 0.34375
2 0.492188 0.664583 0.209375 0.3375
0 0.490625 0.66875 0.2125 0.329167
2 0.492188 0.664583 0.209375 0.3375
0 0.490625 0.66875 0.2125 0.329167
2 0.49375 0.671875 0.20625 0.352083
0 0.499219 0.673958 0.226562 0.360417
2 0.49375 0.671875 0.20625 0.352083
0 0.499219 0.673958 0.226562 0.360417
2 0.507031 0.663542 0.217187 0.322917
0 0.508594 0.664583 0.229687 0.358333
2 0.507031 0.663542 0.217187 0.322917
0 0.508594 0.664583 0.229687 0.358333
2 0.507031 0.663542 0.217187 0.322917
0 0.508594 0.664583 0.229687 0.358333
0 0.515625 0.66875 0.225 0.379167
2 0.516406 0.66875 0.226562 0.383333
0 0.515625 0.66875 0.225 0.379167
2 0.516406 0.66875 0.226562 0.383333
0 0.514063 0.673958 0.221875 0.335417
2 0.51875 0.666667 0.23125 0.375
0 0.514063 0.673958 0.221875 0.335417
2 0.51875 0.666667 0.23125 0.375
2 0.521875 0.667708 0.234375 0.372917
2 0.521875 0.667708 0.234375 0.372917
2 0.522656 0.66875 0.232812 0.370833
2 0.522656 0.66875 0.232812 0.370833
0 0.522656 0.665625 0.235938 0.36875
2 0.522656 0.666667 0.232812 0.375
0 0.522656 0.665625 0.235938 0.36875
2 0.522656 0.666667 0.232812 0.375
0 0.522656 0.665625 0.235938 0.36875
2 0.522656 0.666667 0.232812 0.375
0 0.519531 0.664583 0.239063 0.3625
2 0.521094 0.665625 0.235938 0.36875
0 0.519531 0.664583 0.239063 0.3625
2 0.521094 0.665625 0.235938 0.36875
0 0.514063 0.673958 0.23125 0.34375
2 0.514844 0.672917 0.232812 0.354167
0 0.514063 0.673958 0.23125 0.34375
2 0.514844 0.672917 0.232812 0.354167
0 0.507812 0.690625 0.215625 0.360417
2 0.510938 0.683333 0.228125 0.35
0 0.507812 0.690625 0.215625 0.360417
2 0.510938 0.683333 0.228125 0.35
0 0.507812 0.690625 0.215625 0.360417
2 0.510938 0.683333 0.228125 0.35
2 0.510938 0.684375 0.221875 0.35625
2 0.510938 0.684375 0.221875 0.35625
2 0.507812 0.675 0.225 0.333333
2 0.507812 0.675 0.225 0.333333
2 0.5125 0.669792 0.221875 0.33125
2 0.5125 0.669792 0.221875 0.33125
2 0.5125 0.669792 0.221875 0.33125
2 0.511719 0.666667 0.217187 0.320833
2 0.511719 0.666667 0.217187 0.320833
0 0.513281 0.671875 0.217187 0.347917
2 0.514844 0.673958 0.217187 0.352083
0 0.513281 0.671875 0.217187 0.347917
2 0.514844 0.673958 0.217187 0.352083
2 0.509375 0.675 0.20625 0.35
0 0.5125 0.682292 0.21875 0.35625
2 0.509375 0.675 0.20625 0.35
0 0.5125 0.682292 0.21875 0.35625
0 0.5125 0.680208 0.21875 0.35625
2 0.5125 0.678125 0.225 0.35625
0 0.5125 0.680208 0.21875 0.35625
2 0.5125 0.678125 0.225 0.35625
0 0.5125 0.680208 0.21875 0.35625
2 0.5125 0.678125 0.225 0.35625
2 0.5125 0.679167 0.225 0.358333
2 0.5125 0.679167 0.225 0.358333
0 0.511719 0.679167 0.217187 0.3625
2 0.509375 0.676042 0.2125 0.347917
0 0.511719 0.679167 0.217187 0.3625
2 0.509375 0.676042 0.2125 0.347917
0 0.509375 0.677083 0.221875 0.358333
2 0.5125 0.676042 0.23125 0.35625
0 0.509375 0.677083 0.221875 0.358333
2 0.5125 0.676042 0.23125 0.35625
2 0.5125 0.676042 0.23125 0.364583
2 0.5125 0.676042 0.23125 0.364583
2 0.510938 0.677083 0.21875 0.341667
2 0.510938 0.677083 0.21875 0.341667
2 0.510938 0.677083 0.21875 0.341667
2 0.510156 0.679167 0.217187 0.3375
2 0.510156 0.679167 0.217187 0.3375
2 0.510156 0.679167 0.229687 0.35
2 0.510156 0.679167 0.229687 0.35
2 0.507812 0.680208 0.215625 0.33125
2 0.507812 0.680208 0.215625 0.33125
2 0.50625 0.679167 0.215625 0.3375
2 0.50625 0.679167 0.215625 0.3375
2 0.50625 0.678125 0.23125 0.34375
2 0.50625 0.678125 0.23125 0.34375
2 0.50625 0.677083 0.23125 0.345833
2 0.50625 0.677083 0.23125 0.345833
2 0.50625 0.677083 0.23125 0.345833
2 0.507031 0.680208 0.214062 0.339583
2 0.507031 0.680208 0.214062 0.339583
2 0.507812 0.675 0.228125 0.345833
2 0.507812 0.675 0.228125 0.345833
2 0.508594 0.671875 0.229687 0.347917
2 0.508594 0.671875 0.229687 0.347917
2 0.508594 0.682292 0.223438 0.360417
2 0.508594 0.682292 0.223438 0.360417
2 0.508594 0.682292 0.223438 0.360417
2 0.50625 0.68125 0.21875 0.341667
2 0.50625 0.68125 0.21875 0.341667
2 0.507812 0.678125 0.21875 0.34375
2 0.507812 0.678125 0.21875 0.34375
2 0.50625 0.68125 0.21875 0.3375
2 0.50625 0.68125 0.21875 0.3375
2 0.50625 0.68125 0.21875 0.3375
0 0.507812 0.683333 0.23125 0.358333
2 0.507812 0.680208 0.221875 0.339583
0 0.507812 0.683333 0.23125 0.358333
2 0.507812 0.680208 0.221875 0.339583
2 0.507031 0.678125 0.223438 0.34375
2 0.507031 0.678125 0.223438 0.34375
2 0.510156 0.673958 0.232812 0.352083
2 0.510156 0.673958 0.232812 0.352083
0 0.510938 0.672917 0.228125 0.354167
2 0.5125 0.672917 0.228125 0.3625
0 0.510938 0.672917 0.228125 0.354167
2 0.5125 0.672917 0.228125 0.3625
0 0.513281 0.669792 0.232812 0.36875
2 0.514063 0.670833 0.23125 0.383333
0 0.513281 0.669792 0.232812 0.36875
2 0.514063 0.670833 0.23125 0.383333
0 0.510938 0.66875 0.23125 0.366667
2 0.5125 0.669792 0.23125 0.377083
0 0.510938 0.66875 0.23125 0.366667
2 0.5125 0.669792 0.23125 0.377083
0 0.510938 0.66875 0.23125 0.366667
2 0.5125 0.669792 0.23125 0.377083
0 0.511719 0.671875 0.229687 0.364583
2 0.513281 0.671875 0.229687 0.377083
0 0.511719 0.671875 0.229687 0.364583
2 0.513281 0.671875 0.229687 0.377083
0 0.511719 0.671875 0.232812 0.372917
2 0.513281 0.672917 0.226562 0.375
0 0.511719 0.671875 0.232812 0.372917
2 0.513281 0.672917 0.226562 0.375
0 0.510938 0.675 0.234375 0.366667
2 0.511719 0.673958 0.232812 0.38125
0 0.510938 0.675 0.234375 0.366667
2 0.511719 0.673958 0.232812 0.38125
0 0.510938 0.675 0.234375 0.366667
2 0.511719 0.673958 0.232812 0.38125
0 0.511719 0.669792 0.232812 0.35625
2 0.513281 0.670833 0.229687 0.366667
0 0.511719 0.669792 0.232812 0.35625
2 0.513281 0.670833 0.229687 0.366667
0 0.513281 0.678125 0.229687 0.36875
2 0.514063 0.677083 0.228125 0.379167
0 0.513281 0.678125 0.229687 0.36875
2 0.514063 0.677083 0.228125 0.379167
0 0.513281 0.673958 0.229687 0.35625
2 0.513281 0.672917 0.229687 0.366667
0 0.513281 0.673958 0.229687 0.35625
2 0.513281 0.672917 0.229687 0.366667
2 0.511719 0.677083 0.229687 0.3625
2 0.511719 0.677083 0.229687 0.3625
2 0.511719 0.677083 0.229687 0.3625
2 0.508594 0.678125 0.220313 0.339583
2 0.508594 0.678125 0.220313 0.339583
2 0.509375 0.679167 0.21875 0.333333
2 0.509375 0.679167 0.21875 0.333333
0 0.503906 0.680208 0.220313 0.364583
2 0.503906 0.678125 0.217187 0.347917
0 0.503906 0.680208 0.220313 0.364583
2 0.503906 0.678125 0.217187 0.347917
0 0.503906 0.680208 0.220313 0.364583
2 0.503906 0.678125 0.217187 0.347917
0 0.507031 0.677083 0.229687 0.354167
2 0.507812 0.675 0.23125 0.366667
0 0.507031 0.677083 0.229687 0.354167
2 0.507812 0.675 0.23125 0.366667
0 0.505469 0.673958 0.226562 0.352083
2 0.504687 0.675 0.21875 0.333333
0 0.505469 0.673958 0.226562 0.352083
2 0.504687 0.675 0.21875 0.333333
0 0.507812 0.678125 0.234375 0.372917
2 0.50625 0.677083 0.21875 0.345833
0 0.507812 0.678125 0.234375 0.372917
2 0.50625 0.677083 0.21875 0.345833
2 0.509375 0.680208 0.228125 0.385417
0 0.507031 0.685417 0.229687 0.3875
2 0.509375 0.680208 0.228125 0.385417
0 0.507031 0.685417 0.229687 0.3875
2 0.509375 0.680208 0.228125 0.385417
0 0.507031 0.685417 0.229687 0.3875
2 0.510156 0.683333 0.232812 0.391667
0 0.507812 0.692708 0.23125 0.40625
2 0.511719 0.686458 0.226562 0.389583
2 0.511719 0.686458 0.226562 0.389583
0 0.507812 0.690625 0.221875 0.389583
2 0.5125 0.68125 0.21875 0.354167
0 0.507812 0.690625 0.221875 0.389583
2 0.5125 0.68125 0.21875 0.354167
0 0.514063 0.686458 0.228125 0.377083
2 0.514844 0.680208 0.229687 0.372917
0 0.514063 0.686458 0.228125 0.377083
2 0.514844 0.680208 0.229687 0.372917
0 0.514844 0.6875 0.229687 0.383333
2 0.510156 0.680208 0.223438 0.347917
0 0.514844 0.6875 0.229687 0.383333
2 0.510156 0.680208 0.223438 0.347917
2 0.514844 0.68125 0.232812 0.379167
2 0.514844 0.68125 0.232812 0.379167
0 0.513281 0.690625 0.226562 0.402083
2 0.509375 0.682292 0.21875 0.360417
0 0.513281 0.690625 0.226562 0.402083
2 0.509375 0.682292 0.21875 0.360417
0 0.513281 0.690625 0.226562 0.402083
2 0.509375 0.682292 0.21875 0.360417
0 0.513281 0.683333 0.226562 0.383333
2 0.514063 0.679167 0.228125 0.383333
0 0.513281 0.683333 0.226562 0.383333
2 0.514063 0.679167 0.228125 0.383333
2 0.5125 0.672917 0.225 0.3625
2 0.5125 0.672917 0.225 0.3625
2 0.5125 0.669792 0.225 0.364583
2 0.5125 0.669792 0.225 0.364583
2 0.5125 0.669792 0.225 0.364583
2 0.5125 0.672917 0.225 0.3625
2 0.5125 0.672917 0.225 0.3625
2 0.509375 0.678125 0.23125 0.364583
2 0.509375 0.678125 0.23125 0.364583
0 0.508594 0.688542 0.223438 0.360417
2 0.5125 0.676042 0.228125 0.36875
0 0.508594 0.688542 0.223438 0.360417
2 0.5125 0.676042 0.228125 0.36875
2 0.5125 0.675 0.225 0.3625
2 0.5125 0.675 0.225 0.3625
2 0.5125 0.675 0.225 0.3625
2 0.510938 0.679167 0.221875 0.366667
2 0.510938 0.679167 0.221875 0.366667
2 0.514063 0.6875 0.225 0.379167
2 0.514063 0.6875 0.225 0.379167
0 0.508594 0.690625 0.217187 0.385417
2 0.510156 0.683333 0.217187 0.354167
0 0.508594 0.690625 0.217187 0.385417
2 0.510156 0.683333 0.217187 0.354167
0 0.508594 0.690625 0.217187 0.385417
2 0.510156 0.683333 0.217187 0.354167
0 0.511719 0.682292 0.223438 0.364583
2 0.510156 0.68125 0.217187 0.354167
0 0.511719 0.682292 0.223438 0.364583
2 0.510156 0.68125 0.217187 0.354167
2 0.511719 0.683333 0.226562 0.366667
2 0.511719 0.683333 0.226562 0.366667
2 0.509375 0.68125 0.21875 0.35
2 0.509375 0.68125 0.21875 0.35
2 0.509375 0.68125 0.21875 0.35
0 0.510156 0.682292 0.226562 0.360417
2 0.508594 0.682292 0.217187 0.339583
0 0.510156 0.682292 0.226562 0.360417
2 0.508594 0.682292 0.217187 0.339583
0 0.510156 0.684375 0.226562 0.360417
2 0.507812 0.679167 0.215625 0.341667
0 0.510938 0.68125 0.228125 0.3625
2 0.509375 0.679167 0.21875 0.345833
0 0.510938 0.68125 0.228125 0.3625
2 0.509375 0.679167 0.21875 0.345833
0 0.510938 0.68125 0.228125 0.3625
2 0.509375 0.679167 0.21875 0.345833
0 0.510938 0.68125 0.228125 0.3625
2 0.509375 0.679167 0.21875 0.345833
0 0.510938 0.673958 0.228125 0.360417
2 0.5125 0.673958 0.228125 0.36875
0 0.510938 0.673958 0.228125 0.360417
2 0.5125 0.673958 0.228125 0.36875
0 0.510938 0.673958 0.228125 0.360417
2 0.5125 0.673958 0.228125 0.36875
0 0.510938 0.673958 0.228125 0.360417
2 0.5125 0.673958 0.228125 0.36875
0 0.510938 0.673958 0.228125 0.360417
2 0.5125 0.673958 0.228125 0.36875
2 0.514844 0.671875 0.229687 0.360417
2 0.514844 0.671875 0.229687 0.360417
2 0.514844 0.671875 0.229687 0.360417
2 0.514844 0.671875 0.229687 0.360417
2 0.514844 0.671875 0.229687 0.360417
2 0.514063 0.673958 0.228125 0.35625
2 0.514063 0.673958 0.228125 0.35625
2 0.514063 0.673958 0.228125 0.35625
2 0.514063 0.673958 0.228125 0.35625
2 0.514063 0.673958 0.228125 0.35625
2 0.514063 0.673958 0.228125 0.35625
2 0.514844 0.676042 0.226562 0.360417
2 0.514844 0.676042 0.226562 0.360417
2 0.514844 0.676042 0.226562 0.360417
