2 0.341406 0.548958 0.276563 0.402083
2 0.341406 0.548958 0.276563 0.402083
2 0.341406 0.548958 0.276563 0.402083
2 0.341406 0.548958 0.276563 0.402083
2 0.342969 0.546875 0.279687 0.40625
2 0.342969 0.546875 0.279687 0.40625
2 0.342969 0.546875 0.279687 0.40625
2 0.342969 0.546875 0.279687 0.40625
1 0.361719 0.608333 0.295312 0.641667
1 0.361719 0.608333 0.295312 0.641667
1 0.361719 0.608333 0.295312 0.641667
1 0.361719 0.608333 0.295312 0.641667
1 0.364844 0.607292 0.301562 0.639583
1 0.364844 0.607292 0.301562 0.639583
1 0.364844 0.607292 0.301562 0.639583
1 0.364062 0.608333 0.290625 0.641667
1 0.364062 0.608333 0.290625 0.641667
1 0.364062 0.608333 0.290625 0.641667
1 0.364062 0.608333 0.290625 0.641667
1 0.366406 0.603125 0.292188 0.622917
1 0.366406 0.603125 0.292188 0.622917
1 0.366406 0.603125 0.292188 0.622917
1 0.366406 0.603125 0.292188 0.622917
2 0.403125 0.536458 0.30625 0.427083
2 0.403125 0.536458 0.30625 0.427083
2 0.403125 0.536458 0.30625 0.427083
2 0.403125 0.536458 0.30625 0.427083
2 0.403906 0.5375 0.307813 0.425
2 0.403906 0.5375 0.307813 0.425
2 0.403906 0.5375 0.307813 0.425
2 0.404687 0.535417 0.30625 0.420833
2 0.404687 0.535417 0.30625 0.420833
2 0.404687 0.535417 0.30625 0.420833
2 0.404687 0.535417 0.30625 0.420833
2 0.40625 0.536458 0.30625 0.422917
2 0.40625 0.536458 0.30625 0.422917
2 0.40625 0.536458 0.30625 0.422917
2 0.40625 0.536458 0.30625 0.422917
2 0.405469 0.5375 0.304688 0.425
2 0.405469 0.5375 0.304688 0.425
2 0.405469 0.5375 0.304688 0.425
