1 0.970312 0.0552083 0.059375 0.110417
1 0.971094 0.05625 0.0578125 0.1125
1 0.971094 0.05625 0.0578125 0.1125
1 0.510156 0.686458 0.251563 0.627083
1 0.970312 0.0552083 0.059375 0.110417
1 0.510156 0.686458 0.251563 0.627083
1 0.970312 0.0552083 0.059375 0.110417
1 0.970312 0.0552083 0.059375 0.110417
1 0.970312 0.0552083 0.059375 0.110417
1 0.970312 0.0552083 0.059375 0.110417
1 0.970312 0.0552083 0.059375 0.110417
1 0.970312 0.0552083 0.059375 0.110417
1 0.5125 0.679167 0.259375 0.641667
1 0.971875 0.0552083 0.05625 0.110417
1 0.5125 0.679167 0.259375 0.641667
1 0.971875 0.0552083 0.05625 0.110417
1 0.511719 0.68125 0.257812 0.6375
1 0.971875 0.05625 0.05625 0.1125
1 0.511719 0.68125 0.257812 0.6375
1 0.971875 0.05625 0.05625 0.1125
1 0.513281 0.682292 0.260938 0.635417
1 0.971875 0.0552083 0.05625 0.110417
1 0.513281 0.682292 0.260938 0.635417
1 0.971875 0.0552083 0.05625 0.110417
1 0.510938 0.686458 0.2625 0.627083
1 0.970312 0.0552083 0.059375 0.110417
1 0.510938 0.686458 0.2625 0.627083
1 0.970312 0.0552083 0.059375 0.110417
2 0.505469 0.507292 0.285937 0.489583
1 0.971094 0.05625 0.0578125 0.1125
2 0.505469 0.507292 0.285937 0.489583
1 0.971094 0.05625 0.0578125 0.1125
1 0.971875 0.05625 0.05625 0.1125
1 0.971875 0.05625 0.05625 0.1125
1 0.971094 0.0552083 0.0578125 0.110417
1 0.971094 0.0552083 0.0578125 0.110417
1 0.971094 0.0552083 0.0578125 0.110417
1 0.971875 0.0552083 0.05625 0.110417
1 0.971875 0.0552083 0.05625 0.110417
1 0.971875 0.0552083 0.05625 0.110417
1 0.971875 0.0552083 0.05625 0.110417
1 0.971875 0.0552083 0.05625 0.110417
1 0.971875 0.0552083 0.05625 0.110417
2 0.532031 0.420833 0.235938 0.408333
1 0.973437 0.0552083 0.053125 0.110417
2 0.539844 0.434375 0.229687 0.372917
0 0.540625 0.438542 0.234375 0.410417
1 0.971875 0.0552083 0.05625 0.110417
2 0.539844 0.434375 0.229687 0.372917
0 0.540625 0.438542 0.234375 0.410417
1 0.971875 0.0552083 0.05625 0.110417
2 0.550781 0.439583 0.242188 0.429167
0 0.55625 0.436458 0.2375 0.39375
1 0.971875 0.05625 0.05625 0.1125
2 0.550781 0.439583 0.242188 0.429167
0 0.55625 0.436458 0.2375 0.39375
1 0.971875 0.05625 0.05625 0.1125
1 0.971875 0.05625 0.05625 0.1125
1 0.971875 0.05625 0.05625 0.1125
2 0.601562 0.428125 0.221875 0.39375
0 0.601562 0.43125 0.221875 0.425
1 0.971875 0.05625 0.05625 0.1125
2 0.601562 0.428125 0.221875 0.39375
0 0.601562 0.43125 0.221875 0.425
1 0.971875 0.05625 0.05625 0.1125
2 0.620313 0.455208 0.246875 0.46875
0 0.614062 0.4625 0.259375 0.583333
1 0.971875 0.0552083 0.05625 0.110417
0 0.625 0.46875 0.25625 0.5875
2 0.628125 0.442708 0.24375 0.38125
1 0.971094 0.05625 0.0578125 0.1125
1 0.970312 0.05625 0.059375 0.1125
2 0.628906 0.44375 0.235938 0.379167
1 0.970312 0.05625 0.059375 0.1125
2 0.628906 0.44375 0.235938 0.379167
2 0.626562 0.45 0.24375 0.408333
1 0.971094 0.05625 0.0578125 0.1125
2 0.626562 0.45 0.24375 0.408333
1 0.971094 0.05625 0.0578125 0.1125
2 0.61875 0.460417 0.25 0.566667
1 0.971875 0.05625 0.05625 0.1125
2 0.61875 0.460417 0.25 0.566667
1 0.971875 0.05625 0.05625 0.1125
1 0.615625 0.557292 0.253125 0.802083
2 0.614062 0.46875 0.2625 0.566667
1 0.970312 0.0572917 0.059375 0.110417
1 0.615625 0.557292 0.253125 0.802083
2 0.614062 0.46875 0.2625 0.566667
1 0.970312 0.0572917 0.059375 0.110417
1 0.610937 0.554167 0.253125 0.770833
2 0.614844 0.494792 0.257812 0.564583
1 0.970312 0.0583333 0.059375 0.1125
1 0.610937 0.554167 0.253125 0.770833
2 0.614844 0.494792 0.257812 0.564583
1 0.970312 0.0583333 0.059375 0.1125
1 0.607031 0.54375 0.251563 0.758333
1 0.973437 0.0552083 0.053125 0.110417
2 0.609375 0.461458 0.2375 0.385417
1 0.607031 0.54375 0.251563 0.758333
1 0.973437 0.0552083 0.053125 0.110417
2 0.609375 0.461458 0.2375 0.385417
1 0.971875 0.05625 0.05625 0.1125
2 0.60625 0.453125 0.25 0.435417
1 0.971875 0.05625 0.05625 0.1125
2 0.60625 0.453125 0.25 0.435417
1 0.971875 0.05625 0.05625 0.1125
2 0.60625 0.453125 0.25 0.435417
2 0.597656 0.452083 0.254687 0.433333
1 0.971094 0.0552083 0.0578125 0.110417
2 0.597656 0.452083 0.254687 0.433333
1 0.971094 0.0552083 0.0578125 0.110417
1 0.970312 0.05625 0.059375 0.1125
2 0.595312 0.455208 0.25 0.44375
1 0.970312 0.05625 0.059375 0.1125
2 0.595312 0.455208 0.25 0.44375
1 0.971094 0.05625 0.0578125 0.1125
2 0.59375 0.453125 0.25 0.427083
1 0.971094 0.05625 0.0578125 0.1125
2 0.59375 0.453125 0.25 0.427083
1 0.970312 0.05625 0.059375 0.1125
2 0.590625 0.45 0.246875 0.433333
1 0.970312 0.05625 0.059375 0.1125
2 0.590625 0.45 0.246875 0.433333
1 0.972656 0.05625 0.0546875 0.1125
2 0.59375 0.452083 0.25 0.441667
1 0.972656 0.05625 0.0546875 0.1125
2 0.59375 0.452083 0.25 0.441667
2 0.594531 0.460417 0.248437 0.45
1 0.971094 0.0572917 0.0578125 0.110417
2 0.594531 0.460417 0.248437 0.45
1 0.971094 0.0572917 0.0578125 0.110417
1 0.971875 0.05625 0.05625 0.1125
2 0.595312 0.452083 0.246875 0.445833
1 0.971875 0.05625 0.05625 0.1125
2 0.595312 0.452083 0.246875 0.445833
1 0.971875 0.0552083 0.05625 0.110417
2 0.595312 0.448958 0.246875 0.435417
1 0.971875 0.0552083 0.05625 0.110417
2 0.595312 0.448958 0.246875 0.435417
1 0.971875 0.0552083 0.05625 0.110417
2 0.595312 0.448958 0.246875 0.435417
2 0.595312 0.454167 0.246875 0.445833
1 0.971094 0.05625 0.0578125 0.108333
2 0.595312 0.454167 0.246875 0.445833
1 0.971094 0.05625 0.0578125 0.108333
1 0.971094 0.0552083 0.0578125 0.110417
2 0.595312 0.448958 0.246875 0.435417
1 0.971094 0.0552083 0.0578125 0.110417
2 0.595312 0.448958 0.246875 0.435417
1 0.971094 0.05625 0.0578125 0.1125
2 0.595312 0.446875 0.246875 0.435417
1 0.971094 0.05625 0.0578125 0.1125
2 0.595312 0.446875 0.246875 0.435417
1 0.970312 0.05625 0.059375 0.1125
2 0.597656 0.446875 0.251563 0.439583
1 0.970312 0.05625 0.059375 0.1125
2 0.597656 0.446875 0.251563 0.439583
1 0.971875 0.05625 0.05625 0.1125
2 0.596875 0.447917 0.25 0.4375
1 0.971875 0.05625 0.05625 0.1125
2 0.596875 0.447917 0.25 0.4375
1 0.971875 0.05625 0.05625 0.1125
2 0.596094 0.448958 0.248437 0.439583
1 0.971875 0.05625 0.05625 0.1125
2 0.596094 0.448958 0.248437 0.439583
1 0.971094 0.05625 0.0578125 0.1125
2 0.597656 0.447917 0.248437 0.433333
1 0.971094 0.05625 0.0578125 0.1125
2 0.597656 0.447917 0.248437 0.433333
1 0.971094 0.0552083 0.0578125 0.110417
2 0.596875 0.45 0.25 0.441667
1 0.971094 0.0552083 0.0578125 0.110417
2 0.596875 0.45 0.25 0.441667
1 0.970312 0.05625 0.059375 0.1125
2 0.596094 0.451042 0.248437 0.435417
1 0.970312 0.05625 0.059375 0.1125
2 0.596094 0.451042 0.248437 0.435417
1 0.970312 0.05625 0.059375 0.1125
2 0.596875 0.45 0.25 0.429167
1 0.970312 0.05625 0.059375 0.1125
2 0.596875 0.45 0.25 0.429167
1 0.970312 0.05625 0.059375 0.1125
2 0.6 0.445833 0.253125 0.433333
1 0.970312 0.05625 0.059375 0.1125
2 0.6 0.445833 0.253125 0.433333
1 0.971094 0.05625 0.0578125 0.1125
2 0.598437 0.44375 0.253125 0.425
1 0.971094 0.05625 0.0578125 0.1125
2 0.598437 0.44375 0.253125 0.425
1 0.971094 0.05625 0.0578125 0.1125
2 0.598437 0.446875 0.25 0.43125
1 0.971094 0.05625 0.0578125 0.1125
2 0.598437 0.446875 0.25 0.43125
1 0.970312 0.0572917 0.059375 0.110417
2 0.598437 0.441667 0.25 0.425
1 0.970312 0.0572917 0.059375 0.110417
2 0.598437 0.441667 0.25 0.425
1 0.970312 0.05625 0.059375 0.1125
2 0.598437 0.447917 0.25 0.433333
1 0.970312 0.05625 0.059375 0.1125
2 0.598437 0.447917 0.25 0.433333
1 0.970312 0.05625 0.059375 0.1125
2 0.598437 0.447917 0.25 0.433333
1 0.971094 0.05625 0.0578125 0.1125
2 0.599219 0.44375 0.248437 0.420833
1 0.971094 0.05625 0.0578125 0.1125
2 0.599219 0.44375 0.248437 0.420833
1 0.971094 0.05625 0.0578125 0.1125
2 0.598437 0.441667 0.246875 0.425
1 0.971094 0.05625 0.0578125 0.1125
2 0.598437 0.441667 0.246875 0.425
1 0.971875 0.05625 0.05625 0.1125
2 0.596094 0.444792 0.248437 0.422917
1 0.971875 0.05625 0.05625 0.1125
2 0.596094 0.444792 0.248437 0.422917
1 0.971094 0.0572917 0.0578125 0.110417
2 0.596875 0.451042 0.25 0.435417
1 0.971094 0.0572917 0.0578125 0.110417
2 0.596875 0.451042 0.25 0.435417
1 0.970312 0.0572917 0.059375 0.110417
2 0.594531 0.451042 0.248437 0.447917
1 0.970312 0.0572917 0.059375 0.110417
2 0.594531 0.451042 0.248437 0.447917
1 0.970312 0.05625 0.059375 0.1125
2 0.595312 0.44375 0.246875 0.429167
1 0.970312 0.05625 0.059375 0.1125
2 0.595312 0.44375 0.246875 0.429167
1 0.970312 0.0572917 0.059375 0.110417
2 0.595312 0.448958 0.246875 0.435417
1 0.970312 0.0572917 0.059375 0.110417
2 0.595312 0.448958 0.246875 0.435417
1 0.970312 0.05625 0.059375 0.1125
2 0.596875 0.44375 0.24375 0.433333
1 0.970312 0.05625 0.059375 0.1125
2 0.596875 0.44375 0.24375 0.433333
1 0.971094 0.05625 0.0578125 0.1125
2 0.597656 0.442708 0.245312 0.422917
1 0.971094 0.05625 0.0578125 0.1125
2 0.597656 0.442708 0.245312 0.422917
2 0.596875 0.451042 0.25 0.435417
1 0.970312 0.0572917 0.059375 0.110417
2 0.596875 0.451042 0.25 0.435417
1 0.970312 0.0572917 0.059375 0.110417
1 0.971094 0.05625 0.0578125 0.1125
2 0.597656 0.445833 0.248437 0.429167
1 0.971094 0.05625 0.0578125 0.1125
2 0.597656 0.445833 0.248437 0.429167
1 0.971094 0.05625 0.0578125 0.1125
2 0.596875 0.451042 0.25 0.43125
1 0.971094 0.05625 0.0578125 0.1125
2 0.596875 0.451042 0.25 0.43125
1 0.970312 0.05625 0.059375 0.1125
2 0.598437 0.446875 0.253125 0.435417
1 0.970312 0.05625 0.059375 0.1125
2 0.598437 0.446875 0.253125 0.435417
1 0.971875 0.0572917 0.05625 0.110417
2 0.598437 0.44375 0.253125 0.425
1 0.971875 0.0572917 0.05625 0.110417
2 0.598437 0.44375 0.253125 0.425
1 0.969531 0.05625 0.0609375 0.1125
2 0.596094 0.447917 0.251563 0.433333
1 0.969531 0.05625 0.0609375 0.1125
2 0.596094 0.447917 0.251563 0.433333
1 0.970312 0.05625 0.059375 0.1125
2 0.595312 0.444792 0.246875 0.41875
1 0.970312 0.05625 0.059375 0.1125
2 0.595312 0.444792 0.246875 0.41875
1 0.970312 0.05625 0.059375 0.1125
2 0.595312 0.445833 0.246875 0.425
1 0.970312 0.05625 0.059375 0.1125
2 0.595312 0.445833 0.246875 0.425
1 0.971094 0.05625 0.0578125 0.1125
2 0.597656 0.446875 0.248437 0.43125
1 0.971094 0.05625 0.0578125 0.1125
2 0.597656 0.446875 0.248437 0.43125
1 0.971094 0.05625 0.0578125 0.1125
2 0.598437 0.455208 0.246875 0.43125
1 0.971094 0.05625 0.0578125 0.1125
2 0.598437 0.455208 0.246875 0.43125
1 0.970312 0.05625 0.059375 0.1125
2 0.597656 0.448958 0.251563 0.427083
1 0.970312 0.05625 0.059375 0.1125
2 0.597656 0.448958 0.251563 0.427083
2 0.601562 0.460417 0.234375 0.3875
1 0.970312 0.0552083 0.059375 0.110417
2 0.601562 0.460417 0.234375 0.3875
1 0.970312 0.0552083 0.059375 0.110417
1 0.971875 0.05625 0.05625 0.1125
2 0.597656 0.453125 0.248437 0.43125
1 0.971875 0.05625 0.05625 0.1125
2 0.597656 0.453125 0.248437 0.43125
1 0.972656 0.05625 0.0546875 0.1125
2 0.598437 0.444792 0.25 0.422917
1 0.972656 0.05625 0.0546875 0.1125
2 0.598437 0.444792 0.25 0.422917
1 0.971094 0.05625 0.0578125 0.1125
2 0.598437 0.45 0.253125 0.441667
1 0.972656 0.0552083 0.0546875 0.110417
2 0.597656 0.451042 0.254687 0.439583
1 0.972656 0.0552083 0.0546875 0.110417
2 0.597656 0.451042 0.254687 0.439583
1 0.970312 0.05625 0.059375 0.1125
2 0.598437 0.446875 0.253125 0.43125
1 0.970312 0.05625 0.059375 0.1125
2 0.598437 0.446875 0.253125 0.43125
1 0.970312 0.05625 0.059375 0.1125
2 0.596094 0.451042 0.251563 0.435417
1 0.970312 0.05625 0.059375 0.1125
2 0.596094 0.451042 0.251563 0.435417
1 0.970312 0.05625 0.059375 0.1125
2 0.596094 0.45 0.248437 0.433333
1 0.970312 0.05625 0.059375 0.1125
2 0.594531 0.45625 0.248437 0.454167
1 0.970312 0.05625 0.059375 0.1125
2 0.594531 0.45625 0.248437 0.454167
1 0.971875 0.05625 0.05625 0.108333
2 0.596094 0.451042 0.248437 0.452083
1 0.971875 0.05625 0.05625 0.108333
2 0.596094 0.451042 0.248437 0.452083
1 0.601562 0.56875 0.25625 0.7625
2 0.594531 0.45625 0.232812 0.3875
1 0.970312 0.0572917 0.059375 0.110417
1 0.971094 0.0572917 0.0578125 0.110417
2 0.595312 0.457292 0.246875 0.452083
1 0.971094 0.0572917 0.0578125 0.110417
2 0.595312 0.457292 0.246875 0.452083
1 0.970312 0.0572917 0.059375 0.110417
2 0.595312 0.453125 0.25 0.439583
1 0.970312 0.0572917 0.059375 0.110417
2 0.595312 0.453125 0.25 0.439583
1 0.970312 0.0572917 0.059375 0.110417
2 0.595312 0.453125 0.25 0.439583
1 0.971094 0.05625 0.0578125 0.1125
2 0.596875 0.453125 0.25 0.435417
1 0.971094 0.05625 0.0578125 0.1125
2 0.596875 0.453125 0.25 0.435417
2 0.589063 0.461458 0.240625 0.38125
1 0.971094 0.0552083 0.0578125 0.110417
2 0.589063 0.461458 0.240625 0.38125
1 0.971094 0.0552083 0.0578125 0.110417
2 0.585156 0.473958 0.242188 0.377083
1 0.971094 0.05625 0.0578125 0.1125
2 0.585156 0.473958 0.242188 0.377083
1 0.971094 0.05625 0.0578125 0.1125
2 0.592188 0.471875 0.240625 0.364583
1 0.971094 0.05625 0.0578125 0.1125
2 0.592188 0.471875 0.240625 0.364583
1 0.971094 0.05625 0.0578125 0.1125
