0 0.480469 0.425 0.320312 0.35
0 0.480469 0.425 0.320312 0.35
0 0.480469 0.425 0.320312 0.35
0 0.480469 0.425 0.320312 0.35
0 0.480469 0.425 0.320312 0.35
0 0.480469 0.425 0.320312 0.35
0 0.464844 0.427083 0.317187 0.3625
0 0.464844 0.427083 0.317187 0.3625
0 0.464844 0.427083 0.317187 0.3625
0 0.464844 0.427083 0.317187 0.3625
0 0.464844 0.427083 0.317187 0.3625
0 0.464844 0.427083 0.317187 0.3625
0 0.464844 0.427083 0.317187 0.3625
0 0.44375 0.48125 0.24375 0.383333
0 0.44375 0.48125 0.24375 0.383333
0 0.44375 0.48125 0.24375 0.383333
0 0.44375 0.48125 0.24375 0.383333
0 0.44375 0.48125 0.24375 0.383333
0 0.44375 0.48125 0.24375 0.383333
